 AIMExt (Version 14.11.23, Professional)
 Portions Copyright (c) 1997-2014 by Todd A. Keith
 AIMExt is a component of the AIMAll package ( http://aim.tkgristmill.com )

 AIMExt is a heavily modified and extended version of the EXTREME program
 developed by members of R.F.W. Bader's research group

 Much of the Quantum Theory of Atoms in Molecules (QTAIM) is described in the book:
   "Atoms in Molecules - A Quantum Theory"
   R.F.W. Bader, Oxford University Press, Oxford, 1990

 For additional references see:  http://aim.tkgristmill.com/references.html

 Wfx File:  /scratch/mjmills_scratch/NOT-SOFTWARE/rhorix/aimall-screenshots/example/example.wfx
 ExtOut File:  /scratch/mjmills_scratch/NOT-SOFTWARE/rhorix/aimall-screenshots/example/example.extout
 Mgp File:  /scratch/mjmills_scratch/NOT-SOFTWARE/rhorix/aimall-screenshots/example/example.mgp

 MgpViz File:  /scratch/mjmills_scratch/NOT-SOFTWARE/rhorix/aimall-screenshots/example/example.mgpviz

 Wfx Title:  Marvin Conformer 0001                                                          
 Job Title:  Auto                                                                           
 
Nuclear Charges and Cartesian Coordinates:
-------------------------------------------------------------------------------
Atom      Charge                X                  Y                  Z
-------------------------------------------------------------------------------
C1         6.0          -4.1841643800E+00   2.4081871700E+00   3.6479258200E-04
C2         6.0          -6.3961122400E+00   1.2649793100E+00   2.2096802600E-04
F3         9.0          -4.2025991200E+00   4.9178954500E+00   7.9119400100E-04
Br4       35.0          -6.8440394400E+00  -2.2615787600E+00  -4.7081891500E-04
H5         1.0          -8.1152350800E+00   2.3308215900E+00   2.3277621300E-04
C6         6.0          -1.6640727700E+00   1.2953764200E+00   2.0379562200E-04
C7         6.0           4.2144184900E-01   2.6810847600E+00   1.1543882200E-04
H8         1.0          -1.5966679400E+00  -7.3161381100E-01   4.0085201800E-04
H9         1.0           3.3643186900E-01   4.7079693000E+00   3.3226161000E-05
C10        6.0           3.0037072800E+00   1.6812262400E+00   5.5397400800E-05
S11       16.0           3.7536013400E+00  -1.5068438900E+00   1.4823262000E-03
N12        7.0           4.9220724400E+00   3.1705066400E+00  -1.2458234300E-03
C13        6.0           6.9278153700E+00  -6.8501676000E-01   2.8671677700E-05
C14        6.0           7.1334557800E+00   1.8554488800E+00  -1.2351713500E-03
H15        1.0           8.8973486900E+00   2.8502762300E+00  -2.2983548000E-03
C16        6.0           9.0121085500E+00  -2.5362768700E+00   2.8348235600E-04
O17        8.0           1.1169933500E+01  -1.9515075600E+00  -7.1234306900E-04
H18        1.0           8.4462221200E+00  -4.5252944300E+00   1.4674548900E-03

Total number of electron density critical points found =     37

Electron Density Critical Point Analysis of Molecular Structure:
---------------------------------------------------------------
  NACP = Nuclear Attractor Critical Point
  NNACP = Non-Nuclear Attractor Critical Point
  BCP = Bond Critical Point
  RCP = Ring Critical Point
  CCP = Cage Critical Point
  Rho = Electron Density
  GradRho = Gradient of Electron Density
  HessRho_EigVals = Eigenvalues of the Hessian of Rho, Ascending Order
  HessRho_EigVecs = Eigenvectors of the Hessian of Rho
  DelSqRho = Laplacian of Rho = Trace of Hessian of Rho
  Bond Ellipticity = (HessRho_EigVal(1) / HessRho_EigVal(2)) - 1
  V = Virial Field = Potential Energy Density = Trace of Stress Tensor
  G = Lagrangian Form of Kinetic Energy Density
  K = Hamiltonian Form of Kinetic Energy Density
  L = K - G = Lagrangian Density = (-1/4)DelSqRho
  Vnuc = Electrostatic Potential from Nuclei
  Ven = Electron-nuclear attractive contribution to Virial Field V
  Vrep = V - Ven = Repulsive contribution to Virial Field V
  DelSqV = Laplacian of V
  DelSqVen = Laplacian of Ven
  DelSqVrep = Laplacian of Vrep
  DelSqG = Laplacian of G
  DelSqK = Laplacian of K
  Stress_EigVals = Eigenvalues of Stress Tensor, Ascending Order
  Stress_EigVecs = Eigenvectors of Stress Tensor
  -DivStress = Ehrenfest Force Density = Minus Divergence of Stress Tensor
  ESP = Total Electrostatic Potential
  ESPe = Electrostatic Potential from Electrons
  ESPn = Electrostatic Potential from Nuclei
  BP = Bond Path
  BPL = Bond Path Length
  GBL = Geometric Bond Length
  GBL_I = Distance Between Nuclear Attractors
  GBL_II = Distance Between Nuclei
  GBL_III = Sum of Distances Between BCP and Nuclear Attractors
  GBL_IV = Sum of Distances Between BCP and Nuclei

CP# 1      Coords = -4.18416213677088E+00  2.40819699786859E+00  3.64794446274606E-04
           Type = (3,-3) NACP C1
           Rho =  1.1954666862E+02     Rho at Nucleus =  1.1954665941E+02
           GradRho =  7.8435757889E-11 -1.5548895504E-11  2.5168940283E-15
           HessRho_EigVals = -1.8128071033E+05 -1.8127924186E+05 -1.8127628950E+05
           HessRho_EigVec1 = -1.0641791212E-01  9.9432148343E-01  1.2476263837E-04
           HessRho_EigVec2 = -4.8511769319E-05 -1.3066715396E-04  9.9999999029E-01
           HessRho_EigVec3 =  9.9432149008E-01  1.0641790503E-01  6.2141620140E-05
           DelSqRho = -5.4383624169E+05
           Bond Ellipticity = NA
           V = -1.3597251657E+05
           G =  6.7280722569E+00
           K =  1.3596578849E+05
           L =  1.3595906042E+05
           Vnuc =  5.9522316390E+05
           Ven = -7.1156946332E+07
           Vrep =  7.1020973816E+07
           DelSqV =  4.6081442022E+09
           DelSqVen =  3.2370392819E+11
           DelSqVrep = -3.1909578399E+11
           DelSqG =  2.0618770560E+08
           DelSqK = -4.8143319078E+09
           Stress_EigVals = -4.5324973608E+04 -4.5323870578E+04 -4.5323672381E+04
           Stress_EigVec1 =  9.9342412142E-01  1.1449241384E-01  4.6331053111E-05
           Stress_EigVec2 = -3.3954312662E-05 -1.1005113052E-04  9.9999999337E-01
           Stress_EigVec3 = -1.1449241818E-01  9.9342411641E-01  1.0543993643E-04
           -DivStress = -3.3588982252E+03 -1.4742040658E+04 -2.7961736186E+00
           ESP =  -1.4596692227E+01     ESP at Nucleus =  -1.4596692445E+01
           ESPe = -3.6807542843E+01     ESPe at Nucleus = -3.6807548105E+01
           ESPn =  2.2210850615E+01     ESPn at Nucleus =  2.2210855659E+01

CP# 2      Coords = -6.39611350903828E+00  1.26497142070820E+00  2.20966333760496E-04
           Type = (3,-3) NACP C2
           Rho =  1.1951317849E+02     Rho at Nucleus =  1.1951317271E+02
           GradRho =  9.8353547529E-12  1.6982193429E-11  2.3141211170E-15
           HessRho_EigVals = -1.8123053990E+05 -1.8122893597E+05 -1.8122716460E+05
           HessRho_EigVec1 =  3.0692091719E-02  9.9952886229E-01  2.2125748756E-04
           HessRho_EigVec2 = -1.3291380134E-05 -2.2095364147E-04  9.9999997550E-01
           HessRho_EigVec3 =  9.9952888669E-01 -3.0692093908E-02  6.5035886339E-06
           DelSqRho = -5.4368664047E+05
           Bond Ellipticity = NA
           V = -1.3593561952E+05
           G =  6.9796998634E+00
           K =  1.3592863982E+05
           L =  1.3592166012E+05
           Vnuc =  7.5089423070E+05
           Ven = -8.9741756223E+07
           Vrep =  8.9605820603E+07
           DelSqV =  4.6068933079E+09
           DelSqVen =  4.0825116109E+11
           DelSqVrep = -4.0364426752E+11
           DelSqG =  2.0613301137E+08
           DelSqK = -4.8130263193E+09
           Stress_EigVals = -4.5312469331E+04 -4.5311690587E+04 -4.5311459600E+04
           Stress_EigVec1 =  9.9994239223E-01  1.0733666839E-02  2.4800019222E-05
           Stress_EigVec2 = -2.1655770989E-05 -2.9304940714E-04  9.9999995683E-01
           Stress_EigVec3 = -1.0733673643E-02  9.9994234960E-01  2.9280007939E-04
           -DivStress =  1.9013342694E+03  1.1818714348E+04  2.5358736285E+00
           ESP =  -1.4653820035E+01     ESP at Nucleus =  -1.4653820118E+01
           ESPe = -3.6580753977E+01     ESPe at Nucleus = -3.6580741848E+01
           ESPn =  2.1926933942E+01     ESPn at Nucleus =  2.1926921730E+01

CP# 3      Coords = -4.20259899875575E+00  4.91788742598198E+00  7.91192509203936E-04
           Type = (3,-3) NACP F3
           Rho =  4.2607257337E+02     Rho at Nucleus =  4.2607252388E+02
           GradRho =  5.3254201049E-10 -3.1488589514E-10  2.7628940802E-14
           HessRho_EigVals = -1.5369446627E+06 -1.5368802651E+06 -1.5368772815E+06
           HessRho_EigVec1 = -6.7489666428E-04  9.9999975637E-01  1.7824043854E-04
           HessRho_EigVec2 = -1.4897076548E-04 -1.7834101705E-04  9.9999997300E-01
           HessRho_EigVec3 =  9.9999976116E-01  6.7487009344E-04  1.4909109095E-04
           DelSqRho = -4.6107022093E+06
           Bond Ellipticity = NA
           V = -1.1529957256E+06
           G =  1.6008663254E+02
           K =  1.1528356390E+06
           L =  1.1526755523E+06
           Vnuc =  1.1215211059E+06
           Ven = -4.7784938367E+08
           Vrep =  4.7669638794E+08
           DelSqV =  9.7412765677E+10
           DelSqVen =  5.1709998490E+12
           DelSqVrep = -5.0735870833E+12
           DelSqG =  4.1589771155E+09
           DelSqK = -1.0157174279E+11
           Stress_EigVals = -3.8433792651E+05 -3.8433716384E+05 -3.8432063524E+05
           Stress_EigVec1 =  9.9999912910E-01  1.3121211845E-03  1.4191921755E-04
           Stress_EigVec2 = -1.4168449390E-04 -1.7897992041E-04  9.9999997395E-01
           Stress_EigVec3 = -1.3121465510E-03  9.9999912315E-01  1.7879385731E-04
           -DivStress = -3.8540579338E+03  2.5440693256E+05  4.7298059591E+01
           ESP =  -2.6553175109E+01     ESP at Nucleus =  -2.6553175558E+01
           ESPe = -4.3125037157E+01     ESPe at Nucleus = -4.3125018253E+01
           ESPn =  1.6571862049E+01     ESPn at Nucleus =  1.6571842695E+01

CP# 4      Coords = -6.84403943011330E+00 -2.26157870389077E+00 -4.70818903239248E-04
           Type = (3,-3) NACP Br4
           Rho =  2.8739199704E+04     Rho at Nucleus =  2.8739199700E+04
           GradRho = -9.1626820087E-07 -4.6245959595E-07 -2.9033685178E-12
           HessRho_EigVals = -2.5353754459E+09 -2.5353705512E+09 -2.5353704231E+09
           HessRho_EigVec1 =  1.4425572729E-01  9.8954042073E-01  2.0220765682E-04
           HessRho_EigVec2 =  1.7342160838E-04 -2.2962650533E-04  9.9999995860E-01
           HessRho_EigVec3 =  9.8954042619E-01 -1.4425568625E-01 -2.0473262985E-04
           DelSqRho = -7.6061164202E+09
           Bond Ellipticity = NA
           V = -1.9033914067E+09
           G =  9.3115080843E+05
           K =  1.9024602559E+09
           L =  1.9015291050E+09
           Vnuc =  6.1431952021E+08
           Ven = -1.7655051374E+13
           Vrep =  1.7653147982E+13
           DelSqV =  6.0450586245E+15
           DelSqVen =  4.6725857685E+18
           DelSqVrep = -4.6665396103E+18
           DelSqG =  1.6793580529E+14
           DelSqK = -6.2129944297E+15
           Stress_EigVals = -6.3446422386E+08 -6.3446419447E+08 -6.3446298833E+08
           Stress_EigVec1 =  9.8943726292E-01 -1.4496155620E-01 -2.2355016043E-04
           Stress_EigVec2 =  1.9192492992E-04 -2.3214756949E-04  9.9999995464E-01
           Stress_EigVec3 =  1.4496160152E-01  9.8943726094E-01  2.0187371923E-04
           -DivStress = -1.9636769959E+07 -1.1140586401E+08 -2.3352493805E+04
           ESP =  -1.7584955678E+02     ESP at Nucleus =  -1.7584955679E+02
           ESPe = -1.8636454591E+02     ESPe at Nucleus = -1.8636454584E+02
           ESPn =  1.0514989123E+01     ESPn at Nucleus =  1.0514989057E+01

CP# 5      Coords = -8.08736653924147E+00  2.31331823245377E+00  2.32872509293153E-04
           Type = (3,-3) NACP H5
           Rho =  4.2956431550E-01     Rho at Nucleus =  4.2526420012E-01
           GradRho = -1.5856050197E-15 -5.6898930012E-16  8.8938459462E-21
           HessRho_EigVals = -8.4362471507E+00 -8.4232081999E+00 -7.6212887120E+00
           HessRho_EigVec1 =  5.3548251281E-01  8.4454629774E-01  1.7162791253E-04
           HessRho_EigVec2 = -9.2603780049E-05 -1.4450386615E-04  9.9999998527E-01
           HessRho_EigVec3 =  8.4454631010E-01 -5.3548252082E-01  8.2888623937E-07
           DelSqRho = -2.4480744063E+01
           Bond Ellipticity = NA
           V = -6.1334134672E+00
           G =  6.6137257947E-03
           K =  6.1267997414E+00
           L =  6.1201860156E+00
           Vnuc =  5.0133083483E+01
           Ven = -2.1535383690E+01
           Vrep =  1.5401970223E+01
           DelSqV =  1.5640775454E+03
           DelSqVen =  1.2272951858E+03
           DelSqVrep =  3.3678235954E+02
           DelSqG =  1.1678150497E+02
           DelSqK = -1.6808590503E+03
           Stress_EigVals = -2.1132344504E+00 -2.1130255123E+00 -1.9071535046E+00
           Stress_EigVec1 = -2.1540256870E-04 -3.3903224233E-04  9.9999991933E-01
           Stress_EigVec2 =  5.3395679977E-01  8.4551166440E-01  4.0167141415E-04
           Stress_EigVec3 =  8.4551173237E-01 -5.3395684322E-01  1.0968132429E-06
           -DivStress = -1.4296943669E+01  8.9782739437E+00 -4.8510938569E-05
           ESP =  -1.0488419117E+00     ESP at Nucleus =  -1.0506640012E+00
           ESPe = -2.0795393039E+01     ESPe at Nucleus = -2.0678144329E+01
           ESPn =  1.9746551127E+01     ESPn at Nucleus =  1.9627480328E+01

CP# 6      Coords = -1.66407600100936E+00  1.29537629978536E+00  2.03795793772243E-04
           Type = (3,-3) NACP C6
           Rho =  1.1953656081E+02     Rho at Nucleus =  1.1953655986E+02
           GradRho = -6.6865402104E-12  8.6468054938E-12  1.1346040210E-15
           HessRho_EigVals = -1.8126009254E+05 -1.8125831146E+05 -1.8125707238E+05
           HessRho_EigVec1 =  5.1657985023E-05 -9.6433746177E-06  9.9999999862E-01
           HessRho_EigVec2 =  8.0487382670E-01 -5.9344597130E-01 -4.7300981967E-05
           HessRho_EigVec3 =  5.9344597093E-01  8.0487382804E-01 -2.2894523266E-05
           DelSqRho = -5.4377547638E+05
           Bond Ellipticity = NA
           V = -1.3595823496E+05
           G =  7.1829318786E+00
           K =  1.3595105203E+05
           L =  1.3594386909E+05
           Vnuc =  1.8557427603E+06
           Ven = -2.2182910731E+08
           Vrep =  2.2169314908E+08
           DelSqV =  4.6076420071E+09
           DelSqVen =  1.0091074150E+12
           DelSqVrep = -1.0044997730E+12
           DelSqG =  2.0616041048E+08
           DelSqK = -4.8138024176E+09
           Stress_EigVals = -4.5319900647E+04 -4.5319516472E+04 -4.5318817839E+04
           Stress_EigVec1 =  6.6651035139E-01  7.4549577447E-01 -4.1740203075E-05
           Stress_EigVec2 =  7.4549577414E-01 -6.6651035255E-01 -2.6074373236E-05
           Stress_EigVec3 =  4.7258612537E-05  1.3738305337E-05  9.9999999879E-01
           -DivStress =  4.8411208821E+03  1.8115119351E+02 -2.5821395368E-01
           ESP =  -1.4682611956E+01     ESP at Nucleus =  -1.4682611968E+01
           ESPe = -3.6628546868E+01     ESPe at Nucleus = -3.6628546542E+01
           ESPn =  2.1945934911E+01     ESPn at Nucleus =  2.1945934574E+01

CP# 7      Coords =  4.21444945008876E-01  2.68108380761373E+00  1.15438700796972E-04
           Type = (3,-3) NACP C7
           Rho =  1.1955954882E+02     Rho at Nucleus =  1.1955954787E+02
           GradRho = -3.0713348531E-12 -2.4494739570E-11 -3.5225728584E-16
           HessRho_EigVals = -1.8129674908E+05 -1.8129477193E+05 -1.8129332241E+05
           HessRho_EigVec1 =  7.4183854468E-05  5.7612578545E-05  9.9999999559E-01
           HessRho_EigVec2 =  8.3166257656E-01 -5.5528133218E-01 -2.9704746312E-05
           HessRho_EigVec3 =  5.5528132801E-01  8.3166257510E-01 -8.9107135050E-05
           DelSqRho = -5.4388484342E+05
           Bond Ellipticity = NA
           V = -1.3598543195E+05
           G =  7.1105481561E+00
           K =  1.3597832140E+05
           L =  1.3597121086E+05
           Vnuc =  1.8523396301E+06
           Ven = -2.2146489044E+08
           Vrep =  2.2132890501E+08
           DelSqV =  4.6085641677E+09
           DelSqVen =  1.0074594550E+12
           DelSqVrep = -1.0028508908E+12
           DelSqG =  2.0620350013E+08
           DelSqK = -4.8147676679E+09
           Stress_EigVals = -4.5329019614E+04 -4.5328576149E+04 -4.5327836188E+04
           Stress_EigVec1 =  6.3475860622E-01  7.7271049314E-01 -7.4985974877E-05
           Stress_EigVec2 =  7.7271049485E-01 -6.3475860850E-01 -9.1487088892E-06
           Stress_EigVec3 =  5.4667296427E-05  5.2135228050E-05  9.9999999715E-01
           -DivStress = -4.6392725022E+03  1.4264983038E+03  1.8093386885E-01
           ESP =  -1.4682624976E+01     ESP at Nucleus =  -1.4682624987E+01
           ESPe = -3.5738441859E+01     ESPe at Nucleus = -3.5738441148E+01
           ESPn =  2.1055816884E+01     ESPn at Nucleus =  2.1055816161E+01

CP# 8      Coords = -1.59768977378749E+00 -6.99219513810798E-01  3.97510053568690E-04
           Type = (3,-3) NACP H8
           Rho =  4.3484560787E-01     Rho at Nucleus =  4.3062910249E-01
           GradRho = -5.4036636277E-16 -4.6056908287E-16  1.1350241493E-19
           HessRho_EigVals = -8.5104434535E+00 -8.5004592881E+00 -7.7154262559E+00
           HessRho_EigVec1 =  9.9937478757E-01  3.5355630019E-02 -1.1571836285E-04
           HessRho_EigVec2 =  1.1192204404E-04  1.0935436431E-04  9.9999998776E-01
           HessRho_EigVec3 = -3.5355642241E-02  9.9937478829E-01 -1.0532892023E-04
           DelSqRho = -2.4726328998E+01
           Bond Ellipticity = NA
           V = -6.1943268752E+00
           G =  6.3723128854E-03
           K =  6.1879545623E+00
           L =  6.1815822494E+00
           Vnuc =  5.3951782236E+01
           Ven = -2.3460695542E+01
           Vrep =  1.7266368667E+01
           DelSqV =  1.5803684756E+03
           DelSqVen =  1.3340295176E+03
           DelSqVrep =  2.4633895798E+02
           DelSqG =  1.1766349674E+02
           DelSqK = -1.6980319723E+03
           Stress_EigVals = -2.1320285640E+00 -2.1313942570E+00 -1.9309040542E+00
           Stress_EigVec1 =  9.9937233039E-01  3.5425132120E-02  7.2592365032E-05
           Stress_EigVec2 = -7.6269308440E-05  1.0244343085E-04  9.9999999184E-01
           Stress_EigVec3 = -3.5425124394E-02  9.9937232777E-01 -1.0508098055E-04
           -DivStress =  5.2898207457E-01 -1.6769383725E+01  1.7326155926E-03
           ESP =  -1.0539193827E+00     ESP at Nucleus =  -1.0556645418E+00
           ESPe = -2.4151417007E+01     ESPe at Nucleus = -2.4081870425E+01
           ESPn =  2.3097497624E+01     ESPn at Nucleus =  2.3026205883E+01

CP# 9      Coords =  3.37867534605373E-01  4.67510472062969E+00  3.44429831826016E-05
           Type = (3,-3) NACP H9
           Rho =  4.3160933104E-01     Rho at Nucleus =  4.2730071584E-01
           GradRho = -5.8980598183E-17  1.6939574743E-15  9.3173624198E-21
           HessRho_EigVals = -8.4585812710E+00 -8.4470275737E+00 -7.6430232154E+00
           HessRho_EigVec1 =  9.9896841929E-01  4.5410308837E-02 -3.3321123809E-05
           HessRho_EigVec2 =  3.1605870705E-05  3.8490314520E-05  9.9999999876E-01
           HessRho_EigVec3 = -4.5410310063E-02  9.9896841911E-01 -3.7015376304E-05
           DelSqRho = -2.4548632060E+01
           Bond Ellipticity = NA
           V = -6.1491734130E+00
           G =  6.0076989726E-03
           K =  6.1431657140E+00
           L =  6.1371580150E+00
           Vnuc =  5.0779021317E+01
           Ven = -2.1916699421E+01
           Vrep =  1.5767526009E+01
           DelSqV =  1.5677190420E+03
           DelSqVen =  1.2465555107E+03
           DelSqVrep =  3.2116353135E+02
           DelSqG =  1.1684589163E+02
           DelSqK = -1.6845649337E+03
           Stress_EigVals = -2.1187981709E+00 -2.1176336925E+00 -1.9127415496E+00
           Stress_EigVec1 =  9.9902116348E-01  4.4234770358E-02 -4.3951295896E-06
           Stress_EigVec2 =  2.7807486501E-06  3.6557278852E-05  9.9999999933E-01
           Stress_EigVec3 = -4.4234770489E-02  9.9902116282E-01 -3.6398489474E-05
           -DivStress = -7.3821254861E-01  1.6896219270E+01 -6.2456908258E-04
           ESP =  -1.0662679378E+00     ESP at Nucleus =  -1.0680628068E+00
           ESPe = -2.1446384915E+01     ESPe at Nucleus = -2.1348853859E+01
           ESPn =  2.0380116977E+01     ESPn at Nucleus =  2.0280791053E+01

CP# 10     Coords =  3.00370664381325E+00  1.68122264438786E+00  5.53996710372622E-05
           Type = (3,-3) NACP C10
           Rho =  1.1962170123E+02     Rho at Nucleus =  1.1962170002E+02
           GradRho =  2.2155832724E-11 -9.9010799559E-12 -3.6929111841E-16
           HessRho_EigVals = -1.8140382153E+05 -1.8140268570E+05 -1.8140064251E+05
           HessRho_EigVec1 =  2.4631881031E-04  5.3954513577E-04  9.9999982411E-01
           HessRho_EigVec2 = -1.7360739806E-01  9.8481482149E-01 -4.8858936475E-04
           HessRho_EigVec3 =  9.8481491188E-01  1.7360724717E-01 -3.3624744236E-04
           DelSqRho = -5.4420714973E+05
           Bond Ellipticity = NA
           V = -1.3606525440E+05
           G =  6.7334825042E+00
           K =  1.3605852092E+05
           L =  1.3605178743E+05
           Vnuc =  1.6432004343E+06
           Ven = -1.9656243141E+08
           Vrep =  1.9642636616E+08
           DelSqV =  4.6112905095E+09
           DelSqVen =  8.9424142131E+11
           DelSqVrep = -8.8963013285E+11
           DelSqG =  2.0633997806E+08
           DelSqK = -4.8176304875E+09
           Stress_EigVals = -4.5355699103E+04 -4.5355027699E+04 -4.5354527596E+04
           Stress_EigVec1 =  9.8163152292E-01  1.9078635977E-01 -3.4371476720E-04
           Stress_EigVec2 = -1.9078651061E-01  9.8163143721E-01 -4.7837498814E-04
           Stress_EigVec3 =  2.4613379832E-04  5.3516410921E-04  9.9999982651E-01
           -DivStress =  9.5470335395E+02  5.3895376275E+03 -3.4031178454E+00
           ESP =  -1.4619613617E+01     ESP at Nucleus =  -1.4619613619E+01
           ESPe = -3.7033193462E+01     ESPe at Nucleus = -3.7033191114E+01
           ESPn =  2.2413579845E+01     ESPn at Nucleus =  2.2413577495E+01

CP# 11     Coords =  3.75360167398788E+00 -1.50684334206501E+00  1.48232579284575E-03
           Type = (3,-3) NACP S11
           Rho =  2.5889104141E+03     Rho at Nucleus =  2.5889104043E+03
           GradRho = -1.6636292344E-09 -1.1854233151E-09 -3.3373998010E-12
           HessRho_EigVals = -4.7925458026E+07 -4.7925274529E+07 -4.7925181508E+07
           HessRho_EigVec1 =  8.5074006295E-01 -5.2558666760E-01 -1.1466650265E-05
           HessRho_EigVec2 =  5.2558655511E-01  8.5073989474E-01 -6.3607532740E-04
           HessRho_EigVec3 =  3.4406784851E-04  5.3510804686E-04  9.9999979764E-01
           DelSqRho = -1.4377591406E+08
           Bond Ellipticity = NA
           V = -3.5963028273E+07
           G =  9.5248785392E+03
           K =  3.5953503394E+07
           L =  3.5943978516E+07
           Vnuc =  2.4933728203E+07
           Ven = -6.4551188607E+10
           Vrep =  6.4515225579E+10
           DelSqV =  2.4274821757E+13
           DelSqVen =  3.5848695484E+15
           DelSqVrep = -3.5605947267E+15
           DelSqG =  6.6581620514E+11
           DelSqK = -2.4940637963E+13
           Stress_EigVals = -1.1987707361E+07 -1.1987682751E+07 -1.1987638161E+07
           Stress_EigVec1 =  3.4384409362E-04  5.3489773482E-04  9.9999979783E-01
           Stress_EigVec2 =  5.2569597868E-01  8.5067228342E-01 -6.3578026332E-04
           Stress_EigVec3 =  8.5067245152E-01 -5.2569609100E-01 -1.1305052063E-05
           -DivStress = -2.6646228791E+06 -4.3715269639E+06  3.2483502867E+03
           ESP =  -5.9160051304E+01     ESP at Nucleus =  -5.9160051318E+01
           ESPe = -7.5990020524E+01     ESPe at Nucleus = -7.5990019660E+01
           ESPn =  1.6829969220E+01     ESPn at Nucleus =  1.6829968342E+01

CP# 12     Coords =  4.92207350315484E+00  3.17049353491403E+00 -1.24581689014053E-03
           Type = (3,-3) NACP N12
           Rho =  1.9427612076E+02     Rho at Nucleus =  1.9427608583E+02
           GradRho = -1.5579612600E-10  2.5737634246E-11 -9.4832995623E-15
           HessRho_EigVals = -4.0407142478E+05 -4.0406902983E+05 -4.0405578351E+05
           HessRho_EigVec1 =  2.7207588760E-04  5.0032762319E-04  9.9999983782E-01
           HessRho_EigVec2 =  9.9872298144E-01  5.0520472485E-02 -2.9700527773E-04
           HessRho_EigVec3 = -5.0520612892E-02  9.9872290027E-01 -4.8594329313E-04
           DelSqRho = -1.2121962381E+06
           Bond Ellipticity = NA
           V = -3.0309530532E+05
           G =  2.3122893568E+01
           K =  3.0307218242E+05
           L =  3.0304905953E+05
           Vnuc =  5.3241382488E+05
           Ven = -1.0343529253E+08
           Vrep =  1.0313219723E+08
           DelSqV =  1.4154512522E+10
           DelSqVen =  6.4539003533E+11
           DelSqVrep = -6.3123552293E+11
           DelSqG =  6.3039597738E+08
           DelSqK = -1.4784908499E+10
           Stress_EigVals = -1.0103388169E+05 -1.0103122469E+05 -1.0103019894E+05
           Stress_EigVec1 = -3.7333809015E-02  9.9930273133E-01 -4.8771939451E-04
           Stress_EigVec2 =  9.9930281042E-01  3.7333665110E-02 -3.0090540936E-04
           Stress_EigVec3 =  2.8248724490E-04  4.9861330672E-04  9.9999983579E-01
           -DivStress = -4.8961644798E+03  6.0346037266E+04 -3.0112186518E+01
           ESP =  -1.8338131667E+01     ESP at Nucleus =  -1.8338132328E+01
           ESPe = -3.7519002938E+01     ESPe at Nucleus = -3.7518973216E+01
           ESPn =  1.9180871272E+01     ESPn at Nucleus =  1.9180840887E+01

CP# 13     Coords =  6.92781109200002E+00 -6.85020407976424E-01  2.86751384371260E-05
           Type = (3,-3) NACP C13
           Rho =  1.1954522826E+02     Rho at Nucleus =  1.1954522539E+02
           GradRho = -5.6924520653E-11  2.1596335831E-12  1.6794291652E-16
           HessRho_EigVals = -1.8127986260E+05 -1.8127894707E+05 -1.8127735563E+05
           HessRho_EigVec1 =  9.6853338027E-01  2.4888326218E-01 -4.6163363171E-04
           HessRho_EigVec2 =  3.4062958055E-04  5.2925383593E-04  9.9999980193E-01
           HessRho_EigVec3 = -2.4888345720E-01  9.6853334568E-01 -4.2782300554E-04
           DelSqRho = -5.4383616531E+05
           Bond Ellipticity = NA
           V = -1.3597314902E+05
           G =  7.0538449390E+00
           K =  1.3596609517E+05
           L =  1.3595904133E+05
           Vnuc =  1.0672202820E+06
           Ven = -1.2758109221E+08
           Vrep =  1.2744511906E+08
           DelSqV =  4.6081596982E+09
           DelSqVen =  5.8039299072E+11
           DelSqVrep = -5.7578483102E+11
           DelSqG =  2.0619138909E+08
           DelSqK = -4.8143510873E+09
           Stress_EigVals = -4.5324882609E+04 -4.5324154060E+04 -4.5324112349E+04
           Stress_EigVec1 = -2.7547784293E-01  9.6130733934E-01 -3.9672194711E-04
           Stress_EigVec2 =  5.1207971429E-04  5.5943445567E-04  9.9999971240E-01
           Stress_EigVec3 =  9.6130728481E-01  2.7547756055E-01 -6.4637778478E-04
           -DivStress =  6.4096370184E+03  5.4674118168E+03 -5.1864743084E+00
           ESP =  -1.4677392284E+01     ESP at Nucleus =  -1.4677392327E+01
           ESPe = -3.5292181679E+01     ESPe at Nucleus = -3.5292178071E+01
           ESPn =  2.0614789395E+01     ESPn at Nucleus =  2.0614785744E+01

CP# 14     Coords =  7.13345346690825E+00  1.85545096376197E+00 -1.23517176433162E-03
           Type = (3,-3) NACP C14
           Rho =  1.1959159260E+02     Rho at Nucleus =  1.1959159172E+02
           GradRho = -6.2647664834E-12 -2.6801894037E-12 -7.6104216245E-15
           HessRho_EigVals = -1.8134674615E+05 -1.8134467082E+05 -1.8134316504E+05
           HessRho_EigVec1 =  3.1336333058E-04  4.9126099937E-04  9.9999983023E-01
           HessRho_EigVec2 =  8.0710793572E-01 -5.9040391150E-01  3.7124391025E-05
           HessRho_EigVec3 =  5.9040382951E-01  8.0710778707E-01 -5.8151158720E-04
           DelSqRho = -5.4403458201E+05
           Bond Ellipticity = NA
           V = -1.3602263654E+05
           G =  6.9955206635E+00
           K =  1.3601564102E+05
           L =  1.3600864550E+05
           Vnuc =  1.9272525712E+06
           Ven = -2.3048320432E+08
           Vrep =  2.3034718169E+08
           DelSqV =  4.6098249352E+09
           DelSqVen =  1.0484920361E+12
           DelSqVrep = -1.0438822112E+12
           DelSqG =  2.0626142274E+08
           DelSqK = -4.8160863580E+09
           Stress_EigVals = -4.5341415016E+04 -4.5341014666E+04 -4.5340206861E+04
           Stress_EigVec1 =  5.8617339910E-01  8.1018541666E-01 -5.8036056348E-04
           Stress_EigVec2 =  8.1018556407E-01 -5.8617348169E-01  3.3599164036E-05
           Stress_EigVec3 =  3.1297041942E-04  4.8989468668E-04  9.9999983103E-01
           -DivStress =  3.4672061446E+03 -3.1258026790E+03  6.2249254814E-01
           ESP =  -1.4670006691E+01     ESP at Nucleus =  -1.4670006712E+01
           ESPe = -3.3917628811E+01     ESPe at Nucleus = -3.3917627079E+01
           ESPn =  1.9247622119E+01     ESPn at Nucleus =  1.9247620367E+01

CP# 15     Coords =  8.86830123335617E+00  2.83422396367470E+00 -2.28089959016148E-03
           Type = (3,-3) NACP H15
           Rho =  4.3430322428E-01     Rho at Nucleus =  4.2989456733E-01
           GradRho =  5.2432017061E-15 -1.5838025336E-15  1.0164395367E-19
           HessRho_EigVals = -8.5099339284E+00 -8.4973633835E+00 -7.6777696184E+00
           HessRho_EigVec1 = -4.8568717858E-01  8.7413264834E-01 -2.7867779409E-04
           HessRho_EigVec2 =  3.2456246005E-04  4.9913885612E-04  9.9999982276E-01
           HessRho_EigVec3 =  8.7413263251E-01  4.8568700205E-01 -5.2613598551E-04
           DelSqRho = -2.4685066930E+01
           Bond Ellipticity = NA
           V = -6.1818661544E+00
           G =  5.2997108977E-03
           K =  6.1765664435E+00
           L =  6.1712667326E+00
           Vnuc =  4.7738979355E+01
           Ven = -2.0733192658E+01
           Vrep =  1.4551326503E+01
           DelSqV =  1.5750917970E+03
           DelSqVen =  1.1784399006E+03
           DelSqVrep =  3.9665189646E+02
           DelSqG =  1.1739504243E+02
           DelSqK = -1.6924868394E+03
           Stress_EigVals = -2.1309057159E+00 -2.1298575802E+00 -1.9211028583E+00
           Stress_EigVec1 = -4.8465115126E-01  8.7470748781E-01 -2.6897297884E-04
           Stress_EigVec2 =  3.2940489831E-04  4.9001454900E-04  9.9999982569E-01
           Stress_EigVec3 =  8.7470746714E-01  4.8465097818E-01 -5.2561904639E-04
           -DivStress =  1.5012717882E+01  8.2973906491E+00 -9.0214140943E-03
           ESP =  -1.0689934684E+00     ESP at Nucleus =  -1.0708379437E+00
           ESPe = -1.8676421569E+01     ESPe at Nucleus = -1.8573304188E+01
           ESPn =  1.7607428100E+01     ESPn at Nucleus =  1.7502466244E+01

CP# 16     Coords =  9.01210650844497E+00 -2.53627574986138E+00  2.83482428647721E-04
           Type = (3,-3) NACP C16
           Rho =  1.1966512237E+02     Rho at Nucleus =  1.1966512188E+02
           GradRho = -3.9372061167E-11 -3.5058733694E-11  1.9547080968E-15
           HessRho_EigVals = -1.8146236493E+05 -1.8145857752E+05 -1.8145754780E+05
           HessRho_EigVec1 =  3.2637170697E-04  5.0126685201E-04  9.9999982111E-01
           HessRho_EigVec2 = -5.6776375522E-01  8.2319151270E-01 -2.2733663289E-04
           HessRho_EigVec3 =  8.2319147939E-01  5.6776357945E-01 -5.5326756943E-04
           DelSqRho = -5.4437849025E+05
           Bond Ellipticity = NA
           V = -1.3610820082E+05
           G =  6.7891276441E+00
           K =  1.3610141169E+05
           L =  1.3609462256E+05
           Vnuc =  2.5766065154E+06
           Ven = -3.0832993397E+08
           Vrep =  3.0819382577E+08
           DelSqV =  4.6127236147E+09
           DelSqVen =  1.4026491822E+12
           DelSqVrep = -1.3980364504E+12
           DelSqG =  2.0639479872E+08
           DelSqK = -4.8191184135E+09
           Stress_EigVals = -4.5370099525E+04 -4.5369641090E+04 -4.5368460203E+04
           Stress_EigVec1 =  9.0014747080E-01  4.3558497269E-01 -5.1222413795E-04
           Stress_EigVec2 = -4.3558515155E-01  9.0014747691E-01 -3.0913366834E-04
           Stress_EigVec3 =  3.2642328490E-04  5.0138311846E-04  9.9999982103E-01
           -DivStress =  3.0579189218E+03 -1.6778533835E+03 -1.0870924826E-01
           ESP =  -1.4614777989E+01     ESP at Nucleus =  -1.4614777977E+01
           ESPe = -3.2038595315E+01     ESPe at Nucleus = -3.2038593251E+01
           ESPn =  1.7423817325E+01     ESPn at Nucleus =  1.7423815274E+01

CP# 17     Coords =  1.11699230049707E+01 -1.95151005049332E+00 -7.12338399136749E-04
           Type = (3,-3) NACP O17
           Rho =  2.9529176454E+02     Rho at Nucleus =  2.9529171682E+02
           GradRho = -6.8291416966E-10 -8.0799811286E-11  1.2061532328E-14
           HessRho_EigVals = -8.2029598124E+05 -8.2028071852E+05 -8.2025464724E+05
           HessRho_EigVec1 =  3.2611822316E-04  5.0508674001E-04  9.9999981927E-01
           HessRho_EigVec2 =  9.6732211941E-01  2.5355023285E-01 -4.4352631150E-04
           HessRho_EigVec3 = -2.5355041105E-01  9.6732208923E-01 -4.0589422442E-04
           DelSqRho = -2.4608313470E+06
           Bond Ellipticity = NA
           V = -6.1533806508E+05
           G =  6.5114165837E+01
           K =  6.1527295092E+05
           L =  6.1520783675E+05
           Vnuc =  7.4168261305E+05
           Ven = -2.1901276753E+08
           Vrep =  2.1839742947E+08
           DelSqV =  3.9136230812E+10
           DelSqVen =  1.8251558239E+12
           DelSqVrep = -1.7860195931E+12
           DelSqG =  1.7093157321E+09
           DelSqK = -4.0845546544E+10
           Stress_EigVals = -2.0511834754E+05 -2.0511169677E+05 -2.0510802077E+05
           Stress_EigVec1 = -2.5106366845E-01  9.6797048959E-01 -4.0701551237E-04
           Stress_EigVec2 =  9.6797052024E-01  2.5106349036E-01 -4.4245006087E-04
           Stress_EigVec3 =  3.2609186688E-04  5.0506215264E-04  9.9999981929E-01
           -DivStress =  1.3364036274E+05  3.1697600490E+04 -5.9456730838E+01
           ESP =  -2.2336839374E+01     ESP at Nucleus =  -2.2336840014E+01
           ESPe = -3.5965811671E+01     ESPe at Nucleus = -3.5965787615E+01
           ESPn =  1.3628972298E+01     ESPn at Nucleus =  1.3628947601E+01

CP# 18     Coords =  8.45371316302556E+00 -4.49509899533160E+00  1.44983249338893E-03
           Type = (3,-3) NACP H18
           Rho =  4.3921329354E-01     Rho at Nucleus =  4.3528798698E-01
           GradRho =  5.1070259133E-15  2.4442253777E-15 -1.8804131429E-19
           HessRho_EigVals = -8.5922048944E+00 -8.5772372841E+00 -7.8206252434E+00
           HessRho_EigVec1 =  9.6846318297E-01 -2.4915663205E-01 -1.8957059624E-04
           HessRho_EigVec2 =  3.2512307799E-04  5.0289317081E-04  9.9999982070E-01
           HessRho_EigVec3 =  2.4915649204E-01  9.6846307096E-01 -5.6804009200E-04
           DelSqRho = -2.4990067422E+01
           Bond Ellipticity = NA
           V = -6.2561805395E+00
           G =  4.3318420218E-03
           K =  6.2518486975E+00
           L =  6.2475168555E+00
           Vnuc =  4.9122131842E+01
           Ven = -2.1575093312E+01
           Vrep =  1.5318912773E+01
           DelSqV =  1.6001073538E+03
           DelSqVen =  1.2275653866E+03
           DelSqVrep =  3.7254196716E+02
           DelSqG =  1.1890580703E+02
           DelSqK = -1.7190131608E+03
           Stress_EigVals = -2.1509930391E+00 -2.1471191798E+00 -1.9580683206E+00
           Stress_EigVec1 =  9.6803956218E-01 -2.5079746777E-01 -1.9030927405E-04
           Stress_EigVec2 =  3.2677868088E-04  5.0249889850E-04  9.9999982036E-01
           Stress_EigVec3 =  2.5079732709E-01  9.6803945046E-01 -5.6839407938E-04
           -DivStress = -3.9216551008E+00 -1.5782689252E+01  9.2130035250E-03
           ESP =  -1.0704664987E+00     ESP at Nucleus =  -1.0720442362E+00
           ESPe = -1.8049393768E+01     ESPe at Nucleus = -1.7967503845E+01
           ESPn =  1.6978927270E+01     ESPn at Nucleus =  1.6895459609E+01

CP# 19     Coords = -1.62386257972206E+00 -6.63878102807122E-03  3.23264930196043E-04
           Type = (3,-1) BCP C6 H8
           Rho =  2.9667334102E-01
           GradRho =  5.7245874707E-17 -5.0306980803E-17  7.1997800517E-21
           HessRho_EigVals = -7.9538369561E-01 -7.8154012235E-01  4.5641477967E-01
           HessRho_EigVec1 =  9.9916841998E-01  4.0773154552E-02 -1.3559786733E-04
           HessRho_EigVec2 =  1.3102076447E-04  1.1492991172E-04  9.9999998481E-01
           HessRho_EigVec3 = -4.0773169517E-02  9.9916842257E-01 -1.0949220842E-04
           DelSqRho = -1.1205090383E+00
           Bond Ellipticity =  1.7713195868E-02
           V = -3.5160293711E-01
           G =  3.5737838766E-02
           K =  3.1586509834E-01
           L =  2.8012725957E-01
           Vnuc =  2.6560474308E+01
           Ven = -7.8797846520E+00
           Vrep =  7.5281817149E+00
           DelSqV = -2.6397348466E+00
           DelSqVen =  2.9761251523E+01
           DelSqVrep = -3.2400986370E+01
           DelSqG =  1.7548782061E+00
           DelSqK =  8.8485664052E-01
           Stress_EigVals = -2.3082123851E-01 -2.2918887275E-01  1.0840717415E-01
           Stress_EigVec1 =  9.9929800885E-01  3.7463166056E-02  2.6241962818E-05
           Stress_EigVec2 = -3.0295317451E-05  1.0762805650E-04  9.9999999375E-01
           Stress_EigVec3 = -3.7463162998E-02  9.9929800340E-01 -1.0868746106E-04
           -DivStress = -3.4757200747E-03  1.0993062188E-01 -4.1091903067E-06
           ESP =   9.2570155975E-01
           ESPe = -2.5634772748E+01
           ESPn =  2.6560474308E+01
           BPL =  1.9958616591E+00 =  1.3027855975E+00 +  6.9307606166E-01
           GBL_I =  1.9957002852E+00
           GBL_II =  2.0281106593E+00
           GBL_III =  1.9957110435E+00 =  1.3026359446E+00 +  6.9307509890E-01
           GBL_IV =  2.0281208708E+00 =  1.3026359650E+00 +  7.2548490579E-01
             54 sample points along path from BCP to atom C6      
            -1.6238625797E+00  -6.6387810281E-03   3.2326493020E-04   2.9667334102E-01
            -1.6248859949E+00   1.8340262345E-02   3.2052404018E-04   2.9681226550E-01
            -1.6259180701E+00   4.3318949383E-02   3.1777554708E-04   2.9721393898E-01
            -1.6269599224E+00   6.8297230500E-02   3.1501848392E-04   2.9785530642E-01
            -1.6280125133E+00   9.3275061353E-02   3.1225206604E-04   2.9871313397E-01
            -1.6290769735E+00   1.1825238915E-01   3.0947542785E-04   2.9976441527E-01
            -1.6301545737E+00   1.4322915344E-01   3.0668767918E-04   3.0098674417E-01
            -1.6312467254E+00   1.6820528559E-01   3.0388794756E-04   3.0235868269E-01
            -1.6323549741E+00   1.9318070858E-01   3.0107544326E-04   3.0386015975E-01
            -1.6334809710E+00   2.1815533759E-01   2.9824956194E-04   3.0547294450E-01
            -1.6346264111E+00   2.4312908230E-01   2.9541004231E-04   3.0718124824E-01
            -1.6357929129E+00   2.6810185200E-01   2.9255720074E-04   3.0897252223E-01
            -1.6369818099E+00   2.9307356544E-01   2.8969226569E-04   3.1083853511E-01
            -1.6381938189E+00   3.1804416779E-01   2.8681782701E-04   3.1277683444E-01
            -1.6394285528E+00   3.4301365684E-01   2.8393838707E-04   3.1479272219E-01
            -1.6406838815E+00   3.6798211919E-01   2.8106093975E-04   3.1690190588E-01
            -1.6419552163E+00   3.9294977199E-01   2.7819540472E-04   3.1913402697E-01
            -1.6432349189E+00   4.1791699755E-01   2.7535463808E-04   3.2153732162E-01
            -1.6445121504E+00   4.4288434953E-01   2.7255371573E-04   3.2418474241E-01
            -1.6457734694E+00   4.6785250970E-01   2.6980836360E-04   3.2718197788E-01
            -1.6470042489E+00   4.9282219244E-01   2.6713280775E-04   3.3067796909E-01
            -1.6481905685E+00   5.1779402508E-01   2.6453771610E-04   3.3487876973E-01
            -1.6493209534E+00   5.4276845040E-01   2.6202895217E-04   3.4006597138E-01
