 AIMExt (Version 14.11.23, Professional)
 Portions Copyright (c) 1997-2014 by Todd A. Keith
 AIMExt is a component of the AIMAll package ( http://aim.tkgristmill.com )

 AIMExt is a heavily modified and extended version of the EXTREME program
 developed by members of R.F.W. Bader's research group

 Much of the Quantum Theory of Atoms in Molecules (QTAIM) is described in the book:
   "Atoms in Molecules - A Quantum Theory"
   R.F.W. Bader, Oxford University Press, Oxford, 1990

 For additional references see:  http://aim.tkgristmill.com/references.html

 Wfx File:  /scratch/mjmills_scratch/NOT-SOFTWARE/rhorix/PaulingHayward/AIMAll/36-tetraborane_B4H10-TRY2.wfx
 ExtOut File:  /scratch/mjmills_scratch/NOT-SOFTWARE/rhorix/PaulingHayward/AIMAll/36-tetraborane_B4H10-TRY2.extout
 Mgp File:  /scratch/mjmills_scratch/NOT-SOFTWARE/rhorix/PaulingHayward/AIMAll/36-tetraborane_B4H10-TRY2.mgp

 MgpViz File:  /scratch/mjmills_scratch/NOT-SOFTWARE/rhorix/PaulingHayward/AIMAll/36-tetraborane_B4H10-TRY2.mgpviz

 Wfx Title:  Marvin Conformer 0001                                                          
 Job Title:  Auto                                                                           
 
Nuclear Charges and Cartesian Coordinates:
-------------------------------------------------------------------------------
Atom      Charge                X                  Y                  Z
-------------------------------------------------------------------------------
B1         5.0          -1.0199370400E-05  -1.6274028700E+00  -8.8007135100E-01
B2         5.0          -2.6558035500E+00  -7.8303336700E-06   7.4541468900E-01
B3         5.0           2.6558199000E+00  -7.5074545400E-06   7.4536806300E-01
H4         1.0          -1.7403070500E+00  -2.4993372500E+00   4.7995172700E-01
H5         1.0          -2.2193804500E-05  -2.5884057500E+00  -2.9053318100E+00
B6         5.0          -1.0145100100E-05   1.6274211300E+00  -8.8004009000E-01
H7         1.0           1.7403119500E+00  -2.4993293200E+00   4.7992709300E-01
H8         1.0          -1.7403032700E+00   2.4993250700E+00   4.8000936100E-01
H9         1.0          -2.6955393200E+00  -3.2464058300E-05   3.0051904200E+00
H10        1.0          -4.6018131700E+00   3.6293209600E-06  -3.8643224600E-01
H11        1.0           1.7403071200E+00   2.4993178000E+00   4.7998546400E-01
H12        1.0           2.6956049400E+00  -3.1732531500E-05   3.0051429700E+00
H13        1.0           4.6018040400E+00   2.9932674600E-06  -3.8652229600E-01
H14        1.0          -2.3063166400E-05   2.5884723900E+00  -2.9052772400E+00

Total number of electron density critical points found =     31

Electron Density Critical Point Analysis of Molecular Structure:
---------------------------------------------------------------
  NACP = Nuclear Attractor Critical Point
  NNACP = Non-Nuclear Attractor Critical Point
  BCP = Bond Critical Point
  RCP = Ring Critical Point
  CCP = Cage Critical Point
  Rho = Electron Density
  GradRho = Gradient of Electron Density
  HessRho_EigVals = Eigenvalues of the Hessian of Rho, Ascending Order
  HessRho_EigVecs = Eigenvectors of the Hessian of Rho
  DelSqRho = Laplacian of Rho = Trace of Hessian of Rho
  Bond Ellipticity = (HessRho_EigVal(1) / HessRho_EigVal(2)) - 1
  V = Virial Field = Potential Energy Density = Trace of Stress Tensor
  G = Lagrangian Form of Kinetic Energy Density
  K = Hamiltonian Form of Kinetic Energy Density
  L = K - G = Lagrangian Density = (-1/4)DelSqRho
  Vnuc = Electrostatic Potential from Nuclei
  Ven = Electron-nuclear attractive contribution to Virial Field V
  Vrep = V - Ven = Repulsive contribution to Virial Field V
  DelSqV = Laplacian of V
  DelSqVen = Laplacian of Ven
  DelSqVrep = Laplacian of Vrep
  DelSqG = Laplacian of G
  DelSqK = Laplacian of K
  Stress_EigVals = Eigenvalues of Stress Tensor, Ascending Order
  Stress_EigVecs = Eigenvectors of Stress Tensor
  -DivStress = Ehrenfest Force Density = Minus Divergence of Stress Tensor
  ESP = Total Electrostatic Potential
  ESPe = Electrostatic Potential from Electrons
  ESPn = Electrostatic Potential from Nuclei
  BP = Bond Path
  BPL = Bond Path Length
  GBL = Geometric Bond Length
  GBL_I = Distance Between Nuclear Attractors
  GBL_II = Distance Between Nuclei
  GBL_III = Sum of Distances Between BCP and Nuclear Attractors
  GBL_IV = Sum of Distances Between BCP and Nuclei

CP# 1      Coords = -1.01992888060370E-05 -1.62740050059669E+00 -8.80064856121398E-01
           Type = (3,-3) NACP B1
           Rho =  6.6146085377E+01     Rho at Nucleus =  6.6146084040E+01
           GradRho =  5.4041760826E-18  1.9523133110E-12  2.5509039325E-12
           HessRho_EigVals = -5.5937877792E+04 -5.5937578363E+04 -5.5937404108E+04
           HessRho_EigVec1 =  1.0000000000E+00 -7.7347925549E-07 -1.2002834815E-06
           HessRho_EigVec2 =  6.3842226809E-07 -5.0970127356E-01  8.6035144664E-01
           HessRho_EigVec3 =  1.2772500156E-06  8.6035144664E-01  5.0970127356E-01
           DelSqRho = -1.6781286026E+05
           Bond Ellipticity = NA
           V = -4.1955670241E+04
           G =  1.2275877072E+00
           K =  4.1954442653E+04
           L =  4.1953215066E+04
           Vnuc =  7.2322194766E+05
           Ven = -4.7838300696E+07
           Vrep =  4.7796345026E+07
           DelSqV =  6.5428021990E+08
           DelSqVen =  1.2136594330E+11
           DelSqVrep = -1.2071166308E+11
           DelSqG =  3.5484360907E+07
           DelSqK = -6.8976458080E+08
           Stress_EigVals = -1.3985314689E+04 -1.3985208544E+04 -1.3985147008E+04
           Stress_EigVec1 =  1.5017820645E-06  6.1923759506E-01  7.8520366840E-01
           Stress_EigVec2 =  4.5583493949E-06  7.8520366838E-01 -6.1923759506E-01
           Stress_EigVec3 =  9.9999999999E-01 -4.5091925807E-06  1.6434965306E-06
           -DivStress = -1.7352853488E-02 -5.0717251866E+02 -1.3823782804E+03
           ESP =  -1.1419376791E+01     ESP at Nucleus =  -1.1419376925E+01
           ESPe = -1.8538860174E+01     ESPe at Nucleus = -1.8538855308E+01
           ESPn =  7.1194833824E+00     ESPn at Nucleus =  7.1194783828E+00

CP# 2      Coords = -2.65579448697604E+00 -7.83028891777322E-06  7.45410122291282E-01
           Type = (3,-3) NACP B2
           Rho =  6.6190932595E+01     Rho at Nucleus =  6.6190929712E+01
           GradRho = -6.7952657390E-12  2.3168680448E-17 -1.3607170946E-12
           HessRho_EigVals = -5.5979730459E+04 -5.5979244793E+04 -5.5978749818E+04
           HessRho_EigVec1 = -4.9703894903E-07  9.9999999994E-01  1.1111599446E-05
           HessRho_EigVec2 =  8.7254792760E-01  5.8620235278E-06 -4.8852851913E-01
           HessRho_EigVec3 =  4.8852851917E-01 -9.4525853672E-06  8.7254792755E-01
           DelSqRho = -1.6793772507E+05
           Bond Ellipticity = NA
           V = -4.1986693366E+04
           G =  1.1310492120E+00
           K =  4.1985562317E+04
           L =  4.1984431268E+04
           Vnuc =  4.9268733617E+05
           Ven = -3.2611434259E+07
           Vrep =  3.2569447565E+07
           DelSqV =  6.5476590352E+08
           DelSqVen =  8.2740789856E+10
           DelSqVrep = -8.2086023904E+10
           DelSqG =  3.5513509859E+07
           DelSqK = -6.9027941338E+08
           Stress_EigVals = -1.3995744295E+04 -1.3995542495E+04 -1.3995406577E+04
           Stress_EigVec1 =  4.9018015761E-01 -9.1418834070E-06  8.7162114075E-01
           Stress_EigVec2 =  8.7162114080E-01  6.3776426463E-06 -4.9018015757E-01
           Stress_EigVec3 = -1.0777183098E-06  9.9999999994E-01  1.1094452722E-05
           -DivStress = -1.9323313607E+03 -9.5613184753E-03  9.7482446817E+02
           ESP =  -1.1402213395E+01     ESP at Nucleus =  -1.1402213680E+01
           ESPe = -1.7911719489E+01     ESPe at Nucleus = -1.7911710345E+01
           ESPn =  6.5095060932E+00     ESPn at Nucleus =  6.5094966653E+00

CP# 3      Coords =  2.65581083683607E+00 -7.50740706351962E-06  7.45363496481753E-01
           Type = (3,-3) NACP B3
           Rho =  6.6190931873E+01     Rho at Nucleus =  6.6190928990E+01
           GradRho = -1.0420941887E-11  1.5618864031E-17  1.2591316878E-12
           HessRho_EigVals = -5.5979729731E+04 -5.5979244069E+04 -5.5978749092E+04
           HessRho_EigVec1 =  4.5255892121E-07  9.9999999994E-01  1.0971635618E-05
           HessRho_EigVec2 =  8.7255906056E-01 -5.7546231195E-06  4.8850863432E-01
           HessRho_EigVec3 = -4.8850863435E-01 -9.3523211272E-06  8.7255906051E-01
           DelSqRho = -1.6793772289E+05
           Bond Ellipticity = NA
           V = -4.1986692822E+04
           G =  1.1310494823E+00
           K =  4.1985561773E+04
           L =  4.1984430723E+04
           Vnuc =  4.9268542837E+05
           Ven = -3.2611307624E+07
           Vrep =  3.2569320931E+07
           DelSqV =  6.5476589499E+08
           DelSqVen =  8.2740469040E+10
           DelSqVrep = -8.2085703145E+10
           DelSqG =  3.5513509320E+07
           DelSqK = -6.9027940431E+08
           Stress_EigVals = -1.3995744113E+04 -1.3995542312E+04 -1.3995406396E+04
           Stress_EigVec1 = -4.9016067630E-01 -8.8360659583E-06  8.7163209632E-01
           Stress_EigVec2 =  8.7163209636E-01 -6.4023040136E-06  4.9016067626E-01
           Stress_EigVec3 =  1.2493616031E-06  9.9999999994E-01  1.0839956360E-05
           -DivStress =  1.9323612000E+03 -1.0141296335E-02  9.7478384002E+02
           ESP =  -1.1402213186E+01     ESP at Nucleus =  -1.1402213471E+01
           ESPe = -1.7911715237E+01     ESPe at Nucleus = -1.7911706094E+01
           ESPn =  6.5095020511E+00     ESPn at Nucleus =  6.5094926232E+00

CP# 4      Coords = -1.73035985890347E+00 -2.48460209233846E+00  4.71046281386166E-01
           Type = (3,-3) NACP H4
           Rho =  4.0496976899E-01     Rho at Nucleus =  4.0373491526E-01
           GradRho =  1.9112572931E-09  2.7681654538E-09 -1.7032127982E-09
           HessRho_EigVals = -6.4196711477E+00 -6.3141555997E+00 -6.1934918192E+00
           HessRho_EigVec1 =  5.5962163822E-01  1.2469634883E-01  8.1931339707E-01
           HessRho_EigVec2 =  5.7542164889E-01 -7.6993154262E-01 -2.7585384838E-01
           HessRho_EigVec3 =  5.9641726000E-01  6.2582444844E-01 -5.0262332986E-01
           DelSqRho = -1.8927318567E+01
           Bond Ellipticity = NA
           V = -4.7421657363E+00
           G =  5.1680473031E-03
           K =  4.7369976890E+00
           L =  4.7318296417E+00
           Vnuc =  5.8277448488E+01
           Ven = -2.3600604852E+01
           Vrep =  1.8858439115E+01
           DelSqV =  7.2670741974E+02
           DelSqVen =  1.1030358518E+03
           DelSqVrep = -3.7632843210E+02
           DelSqG =  7.3950263906E+01
           DelSqK = -8.0065768365E+02
           Stress_EigVals = -1.6073414587E+00 -1.5840011634E+00 -1.5508231142E+00
           Stress_EigVec1 =  5.5141722051E-01  1.3054081967E-01  8.2395275551E-01
           Stress_EigVec2 =  5.7625449384E-01 -7.7377735971E-01 -2.6305770455E-01
           Stress_EigVec3 =  6.0321621932E-01  6.1986102636E-01 -5.0189889495E-01
           -DivStress = -2.2725678456E+00 -3.3701199561E+00  2.0363153697E+00
           ESP =  -1.0373861165E+00     ESP at Nucleus =  -1.0384195223E+00
           ESPe = -9.0234600014E+00     ESPe at Nucleus = -8.9903434704E+00
           ESPn =  7.9860738849E+00     ESPn at Nucleus =  7.9519239480E+00

CP# 5      Coords = -2.20652472596291E-05 -2.57814162352992E+00 -2.88343755685447E+00
           Type = (3,-3) NACP H5
           Rho =  4.0825118839E-01     Rho at Nucleus =  4.0648305198E-01
           GradRho =  6.8174219016E-16  5.4429278792E-11  1.1598789203E-10
           HessRho_EigVals = -6.2785574174E+00 -6.2764680082E+00 -5.9750451221E+00
           HessRho_EigVec1 =  9.9999999999E-01 -1.2615828868E-06 -5.3062034612E-06
           HessRho_EigVec2 = -1.1268831145E-06  9.0409773181E-01 -4.2732574383E-01
           HessRho_EigVec3 =  5.3364333593E-06  4.2732574383E-01  9.0409773179E-01
           DelSqRho = -1.8530070548E+01
           Bond Ellipticity = NA
           V = -4.6355941889E+00
           G =  1.5382759695E-03
           K =  4.6340559129E+00
           L =  4.6325176369E+00
           Vnuc =  4.8279394353E+01
           Ven = -1.9710120119E+01
           Vrep =  1.5074525930E+01
           DelSqV =  7.0544529389E+02
           DelSqVen =  8.9462058379E+02
           DelSqVrep = -1.8917528990E+02
           DelSqG =  7.0187317482E+01
           DelSqK = -7.7563261137E+02
           Stress_EigVals = -1.5707483139E+00 -1.5706418895E+00 -1.4942039855E+00
           Stress_EigVec1 = -5.7951244473E-06  9.0409930841E-01 -4.2732240814E-01
           Stress_EigVec2 =  9.9999999997E-01  2.9652817898E-06 -7.2877414626E-06
           Stress_EigVec3 =  5.3217106610E-06  4.2732240817E-01  9.0409930840E-01
           -DivStress = -2.8642331380E-05 -2.2876211149E+00 -4.8804226990E+00
           ESP =  -1.1397811099E+00     ESP at Nucleus =  -1.1410210263E+00
           ESPe = -8.0640339154E+00     ESPe at Nucleus = -8.0232483168E+00
           ESPn =  6.9242528055E+00     ESPn at Nucleus =  6.8822272905E+00

CP# 6      Coords = -1.01450189476379E-05  1.62741876044856E+00 -8.80033595150012E-01
           Type = (3,-3) NACP B6
           Rho =  6.6146086069E+01     Rho at Nucleus =  6.6146084732E+01
           GradRho =  2.0605982266E-17  6.0757510134E-12  2.3274854266E-12
           HessRho_EigVals = -5.5937878445E+04 -5.5937579016E+04 -5.5937404761E+04
           HessRho_EigVec1 =  1.0000000000E+00  9.6910902343E-07 -1.5179016994E-06
           HessRho_EigVec2 =  8.1201029599E-07  5.0968121486E-01  8.6036332978E-01
           HessRho_EigVec3 = -1.6074318485E-06  8.6036332978E-01 -5.0968121485E-01
           DelSqRho = -1.6781286222E+05
           Bond Ellipticity = NA
           V = -4.1955670729E+04
           G =  1.2275867126E+00
           K =  4.1954443142E+04
           L =  4.1953215555E+04
           Vnuc =  7.2321944922E+05
           Ven = -4.7838135935E+07
           Vrep =  4.7796180264E+07
           DelSqV =  6.5428022753E+08
           DelSqVen =  1.2136552678E+11
           DelSqVrep = -1.2071124656E+11
           DelSqG =  3.5484361363E+07
           DelSqK = -6.8976458890E+08
           Stress_EigVals = -1.3985314852E+04 -1.3985208706E+04 -1.3985147170E+04
           Stress_EigVec1 =  2.1538781563E-06 -6.1925523023E-01  7.8518976039E-01
           Stress_EigVec2 = -4.0129688275E-06  7.8518976038E-01  6.1925523024E-01
           Stress_EigVec3 =  9.9999999999E-01  4.4847423457E-06  7.9384886171E-07
           -DivStress = -1.7262308903E-02  5.0720404813E+02 -1.3823721046E+03
           ESP =  -1.1419376541E+01     ESP at Nucleus =  -1.1419376675E+01
           ESPe = -1.8538858534E+01     ESPe at Nucleus = -1.8538853668E+01
           ESPn =  7.1194819923E+00     ESPn at Nucleus =  7.1194769927E+00

CP# 7      Coords =  1.73036471801030E+00 -2.48459416130089E+00  4.71021814383937E-01
           Type = (3,-3) NACP H7
           Rho =  4.0497008015E-01     Rho at Nucleus =  4.0373523180E-01
           GradRho = -1.9112343453E-09  2.7681236435E-09 -1.7031540605E-09
           HessRho_EigVals = -6.4196766535E+00 -6.3141598334E+00 -6.1934983817E+00
           HessRho_EigVec1 = -5.5960800151E-01  1.2470006860E-01  8.1932214515E-01
           HessRho_EigVec2 =  5.7542811542E-01  7.6993082722E-01  2.7584235584E-01
           HessRho_EigVec3 = -5.9642381628E-01  6.2582458739E-01 -5.0261537699E-01
           DelSqRho = -1.8927334869E+01
           Bond Ellipticity = NA
           V = -4.7421698533E+00
           G =  5.1680680865E-03
           K =  4.7370017852E+00
           L =  4.7318337172E+00
           Vnuc =  5.8277591166E+01
           Ven = -2.3600680766E+01
           Vrep =  1.8858510912E+01
           DelSqV =  7.2670808412E+02
           DelSqVen =  1.1030395024E+03
           DelSqVrep = -3.7633141828E+02
           DelSqG =  7.3950334788E+01
           DelSqK = -8.0065841891E+02
           Stress_EigVals = -1.6073428439E+00 -1.5840022363E+00 -1.5508247731E+00
           Stress_EigVec1 = -5.5140339799E-01  1.3054449920E-01  8.2396142289E-01
           Stress_EigVec2 =  5.7626098382E-01  7.7377640004E-01  2.6304631011E-01
           Stress_EigVec3 = -6.0322265476E-01  6.1986144941E-01 -5.0189063781E-01
           -DivStress =  2.2725792192E+00 -3.3701231169E+00  2.0362790338E+00
           ESP =  -1.0373860424E+00     ESP at Nucleus =  -1.0384194473E+00
           ESPe = -9.0234671249E+00     ESPe at Nucleus = -8.9903507007E+00
           ESPn =  7.9860810825E+00     ESPn at Nucleus =  7.9519312534E+00

CP# 8      Coords = -1.73035616467964E+00  2.48459011372902E+00  4.71103543922897E-01
           Type = (3,-3) NACP H8
           Rho =  4.0496974073E-01     Rho at Nucleus =  4.0373489017E-01
           GradRho =  1.9110463151E-09 -2.7678468476E-09 -1.7031092769E-09
           HessRho_EigVals = -6.4196709180E+00 -6.3141551149E+00 -6.1934920619E+00
           HessRho_EigVec1 =  5.5962387437E-01 -1.2471756408E-01  8.1930864053E-01
           HessRho_EigVec2 =  5.7542270224E-01  7.6993679011E-01 -2.7583700438E-01
           HessRho_EigVec3 = -5.9641414553E-01  6.2581376499E-01  5.0264032724E-01
           DelSqRho = -1.8927318095E+01
           Bond Ellipticity = NA
           V = -4.7421656360E+00
           G =  5.1680561732E-03
           K =  4.7369975799E+00
           L =  4.7318295237E+00
           Vnuc =  5.8277515786E+01
           Ven = -2.3600630458E+01
           Vrep =  1.8858464822E+01
           DelSqV =  7.2670741957E+02
           DelSqVen =  1.1030370981E+03
           DelSqVrep = -3.7632967854E+02
           DelSqG =  7.3950265811E+01
           DelSqK = -8.0065768538E+02
           Stress_EigVals = -1.6073414015E+00 -1.5840010503E+00 -1.5508231843E+00
           Stress_EigVec1 =  5.5141956416E-01 -1.3056200919E-01  8.2394782967E-01
           Stress_EigVec2 =  5.7625555130E-01  7.7378226906E-01 -2.6304094678E-01
           Stress_EigVec3 = -6.0321306672E-01  6.1985043506E-01  5.0191576414E-01
           -DivStress = -2.2725481228E+00  3.3700738254E+00  2.0364003561E+00
           ESP =  -1.0373860756E+00     ESP at Nucleus =  -1.0384194787E+00
           ESPe = -9.0234620551E+00     ESPe at Nucleus = -8.9903455819E+00
           ESPn =  7.9860759794E+00     ESPn at Nucleus =  7.9519261031E+00

CP# 9      Coords = -2.69455580329467E+00 -3.22029359668010E-05  2.98130861388997E+00
           Type = (3,-3) NACP H9
           Rho =  4.1017757773E-01     Rho at Nucleus =  4.0844430990E-01
           GradRho =  5.2379803186E-11  1.3951150165E-14 -1.2757799721E-09
           HessRho_EigVals = -6.2974276038E+00 -6.2969938554E+00 -5.9963011368E+00
           HessRho_EigVec1 =  7.7484233292E-07  9.9999999994E-01  1.0973527321E-05
           HessRho_EigVec2 =  9.9928467253E-01 -1.1892765250E-06  3.7817234688E-02
           HessRho_EigVec3 = -3.7817234699E-02 -1.0936375261E-05  9.9928467247E-01
           DelSqRho = -1.8590722596E+01
           Bond Ellipticity = NA
           V = -4.6509204955E+00
           G =  1.6199232687E-03
           K =  4.6493005723E+00
           L =  4.6476806490E+00
           Vnuc =  4.8696716573E+01
           Ven = -1.9974301247E+01
           Vrep =  1.5323380752E+01
           DelSqV =  7.0773846743E+02
           DelSqVen =  9.0530715362E+02
           DelSqVrep = -1.9756868619E+02
           DelSqG =  7.0321948893E+01
           DelSqK = -7.7806041632E+02
           Stress_EigVals = -1.5756891151E+00 -1.5755548122E+00 -1.4996765683E+00
           Stress_EigVec1 =  9.9929737675E-01  4.6309431756E-06  3.7480031877E-02
           Stress_EigVec2 = -5.0372867063E-06  9.9999999993E-01  1.0747168457E-05
           Stress_EigVec3 = -3.7480031825E-02 -1.0928414913E-05  9.9929737671E-01
           -DivStress = -2.1889779877E-01 -5.8354885380E-05  5.3371848679E+00
           ESP =  -1.1402286587E+00     ESP at Nucleus =  -1.1414182906E+00
           ESPe = -7.9995286628E+00     ESPe at Nucleus = -7.9623580716E+00
           ESPn =  6.8593000041E+00     ESPn at Nucleus =  6.8209397810E+00

CP# 10     Coords = -4.58064314429426E+00  3.51140920778068E-06 -3.74588164746564E-01
           Type = (3,-3) NACP H10
           Rho =  4.1279066805E-01     Rho at Nucleus =  4.1099565131E-01
           GradRho =  2.0323517392E-11 -1.1348363462E-16  1.1367070913E-11
           HessRho_EigVals = -6.3356107672E+00 -6.3347159732E+00 -6.0268424147E+00
           HessRho_EigVec1 = -1.4760539717E-06  9.9999999992E-01  1.2637682415E-05
           HessRho_EigVec2 = -4.8892719445E-01 -1.1745844117E-05  8.7232459463E-01
           HessRho_EigVec3 =  8.7232459470E-01 -4.8913084248E-06  4.8892719443E-01
           DelSqRho = -1.8697169155E+01
           Bond Ellipticity = NA
           V = -4.6771386194E+00
           G =  1.4231653483E-03
           K =  4.6757154541E+00
           L =  4.6742922887E+00
           Vnuc =  4.7839656443E+01
           Ven = -1.9747763743E+01
           Vrep =  1.5070625123E+01
           DelSqV =  7.1152770304E+02
           DelSqVen =  8.9446614891E+02
           DelSqVrep = -1.8293844587E+02
           DelSqG =  7.0670702077E+01
           DelSqK = -7.8219840512E+02
           Stress_EigVals = -1.5850860359E+00 -1.5848535242E+00 -1.5071990593E+00
           Stress_EigVec1 = -4.8927068606E-01 -7.7833404004E-06  8.7213198296E-01
           Stress_EigVec2 =  4.5129133027E-07  9.9999999996E-01  9.1776751400E-06
           Stress_EigVec3 =  8.7213198300E-01 -4.8839530149E-06  4.8927068603E-01
           -DivStress = -4.7579200894E+00  2.6500122567E-05 -2.6630254451E+00
           ESP =  -1.1475675103E+00     ESP at Nucleus =  -1.1487894326E+00
           ESPe = -7.7637690863E+00     ESPe at Nucleus = -7.7249464690E+00
           ESPn =  6.6162015760E+00     ESPn at Nucleus =  6.5761570364E+00

CP# 11     Coords =  1.73035998147830E+00  2.48458284057772E+00  4.71079797767921E-01
           Type = (3,-3) NACP H11
           Rho =  4.0497004452E-01     Rho at Nucleus =  4.0373519878E-01
           GradRho = -1.9110280181E-09 -2.7678099951E-09 -1.7030580488E-09
           HessRho_EigVals = -6.4196762809E+00 -6.3141592573E+00 -6.1934983847E+00
           HessRho_EigVec1 = -5.5961048693E-01 -1.2472204609E-01  8.1931710231E-01
           HessRho_EigVec2 =  5.7542949507E-01 -7.6993590057E-01  2.7582531650E-01
           HessRho_EigVec3 =  5.9642015318E-01  6.2581396615E-01  5.0263294823E-01
           DelSqRho = -1.8927333923E+01
           Bond Ellipticity = NA
           V = -4.7421696327E+00
           G =  5.1680759959E-03
           K =  4.7370015567E+00
           L =  4.7318334807E+00
           Vnuc =  5.8277645745E+01
           Ven = -2.3600700792E+01
           Vrep =  1.8858531159E+01
           DelSqV =  7.2670806278E+02
           DelSqVen =  1.1030404803E+03
           DelSqVrep = -3.7633241752E+02
           DelSqG =  7.3950334308E+01
           DelSqK = -8.0065839709E+02
           Stress_EigVals = -1.6073427500E+00 -1.5840020999E+00 -1.5508247828E+00
           Stress_EigVec1 = -5.5140595473E-01 -1.3056650379E-01  8.2395622528E-01
           Stress_EigVec2 =  5.7626241389E-01 -7.7378111649E-01  2.6302930274E-01
           Stress_EigVec3 =  6.0321895148E-01  6.1985092712E-01  5.0190808393E-01
           -DivStress =  2.2725576580E+00  3.3700773845E+00  2.0363676783E+00
           ESP =  -1.0373859634E+00     ESP at Nucleus =  -1.0384193661E+00
           ESPe = -9.0234689390E+00     ESPe at Nucleus = -8.9903525646E+00
           ESPn =  7.9860829755E+00     ESPn at Nucleus =  7.9519331985E+00

CP# 12     Coords =  2.69462090360664E+00 -3.14761782114089E-05  2.98126118321075E+00
           Type = (3,-3) NACP H12
           Rho =  4.1017746029E-01     Rho at Nucleus =  4.0844419263E-01
           GradRho = -5.2408946540E-11  1.3699408942E-14 -1.2757596576E-09
           HessRho_EigVals = -6.2974259285E+00 -6.2969922190E+00 -5.9962995134E+00
           HessRho_EigVec1 = -4.2839054281E-06  9.9999999993E-01  1.0913827798E-05
           HessRho_EigVec2 =  9.9928384867E-01  4.6938058114E-06 -3.7838997939E-02
           HessRho_EigVec3 =  3.7838997987E-02 -1.0743913157E-05  9.9928384862E-01
           DelSqRho = -1.8590717661E+01
           Bond Ellipticity = NA
           V = -4.6509192645E+00
           G =  1.6199246624E-03
           K =  4.6492993399E+00
           L =  4.6476794152E+00
           Vnuc =  4.8696707068E+01
           Ven = -1.9974291630E+01
           Vrep =  1.5323372365E+01
           DelSqV =  7.0773828108E+02
           DelSqVen =  9.0530673658E+02
           DelSqVrep = -1.9756845550E+02
           DelSqG =  7.0321931766E+01
           DelSqK = -7.7806021285E+02
           Stress_EigVals = -1.5756887045E+00 -1.5755543963E+00 -1.4996761637E+00
           Stress_EigVec1 =  9.9929656072E-01 -8.2360110519E-06 -3.7501782101E-02
           Stress_EigVec2 =  8.6326645342E-06  9.9999999991E-01  1.0414996457E-05
           Stress_EigVec3 =  3.7501782012E-02 -1.0731410444E-05  9.9929656070E-01
           -DivStress =  2.1901387820E-01 -5.7284686105E-05  5.3371791762E+00
           ESP =  -1.1402283259E+00     ESP at Nucleus =  -1.1414179582E+00
           ESPe = -7.9995224745E+00     ESPe at Nucleus = -7.9623518842E+00
           ESPn =  6.8592941486E+00     ESPn at Nucleus =  6.8209339261E+00

CP# 13     Coords =  4.58063427265963E+00  2.88821186048922E-06 -3.74677735945207E-01
           Type = (3,-3) NACP H13
           Rho =  4.1279069699E-01     Rho at Nucleus =  4.1099567893E-01
           GradRho = -2.0308136900E-11 -1.0041724151E-16  1.1358301886E-11
           HessRho_EigVals = -6.3356111713E+00 -6.3347163818E+00 -6.0268426610E+00
           HessRho_EigVec1 =  2.4735606792E-06  9.9999999991E-01  1.3367487783E-05
           HessRho_EigVec2 =  4.8894670203E-01 -1.2870081538E-05  8.7231366057E-01
           HessRho_EigVec3 =  8.7231366066E-01  4.3782682953E-06 -4.8894670201E-01
           DelSqRho = -1.8697170214E+01
           Bond Ellipticity = NA
           V = -4.6771388817E+00
           G =  1.4231640847E-03
           K =  4.6757157176E+00
           L =  4.6742925535E+00
           Vnuc =  4.7839642834E+01
           Ven = -1.9747759509E+01
           Vrep =  1.5070620628E+01
           DelSqV =  7.1152773770E+02
           DelSqVen =  8.9446594513E+02
           DelSqVrep = -1.8293820743E+02
           DelSqG =  7.0670705081E+01
           DelSqK = -7.8219844278E+02
           Stress_EigVals = -1.5850861371E+00 -1.5848536243E+00 -1.5071991203E+00
           Stress_EigVec1 =  4.8929020341E-01 -5.4335948991E-06  8.7212103336E-01
           Stress_EigVec2 = -1.1429489915E-06  9.9999999998E-01  6.8715561422E-06
           Stress_EigVec3 =  8.7212103337E-01  4.3589749581E-06 -4.8929020339E-01
           -DivStress =  4.7578622671E+00  2.3598127349E-05 -2.6631332115E+00
           ESP =  -1.1475674692E+00     ESP at Nucleus =  -1.1487893926E+00
           ESPe = -7.7637695531E+00     ESPe at Nucleus = -7.7249469392E+00
           ESPn =  6.6162020839E+00     ESPn at Nucleus =  6.5761575466E+00

CP# 14     Coords = -2.29232948525785E-05  2.57820773078395E+00 -2.88338322202963E+00
           Type = (3,-3) NACP H14
           Rho =  4.0825125380E-01     Rho at Nucleus =  4.0648311523E-01
           GradRho =  7.4142900206E-16 -5.4408492468E-11  1.1593687945E-10
           HessRho_EigVals = -6.2785583635E+00 -6.2764689827E+00 -5.9750458005E+00
           HessRho_EigVec1 =  9.9999999998E-01  1.7982828413E-06 -5.5635341167E-06
           HessRho_EigVec2 =  7.5175745448E-07  9.0408744805E-01  4.2734750061E-01
           HessRho_EigVec3 =  5.7984130393E-06 -4.2734750060E-01  9.0408744804E-01
           DelSqRho = -1.8530073147E+01
           Bond Ellipticity = NA
           V = -4.6355948282E+00
           G =  1.5382707781E-03
           K =  4.6340565574E+00
           L =  4.6325182867E+00
           Vnuc =  4.8279368836E+01
           Ven = -1.9710112860E+01
           Vrep =  1.5074518031E+01
           DelSqV =  7.0544538415E+02
           DelSqVen =  8.9462023644E+02
           DelSqVrep = -1.8917485229E+02
           DelSqG =  7.0187325742E+01
           DelSqK = -7.7563270989E+02
           Stress_EigVals = -1.5707485514E+00 -1.5706421237E+00 -1.4942041531E+00
           Stress_EigVec1 =  4.2368858530E-06  9.0408901932E-01  4.2734417642E-01
           Stress_EigVec2 =  9.9999999997E-01 -1.3558991725E-06 -7.0459186431E-06
           Stress_EigVec3 =  5.7907020611E-06 -4.2734417644E-01  9.0408901930E-01
           -DivStress = -3.1171405806E-05  2.2877402053E+00 -4.8803709643E+00
           ESP =  -1.1397810100E+00     ESP at Nucleus =  -1.1410209289E+00
           ESPe = -8.0640308860E+00     ESPe at Nucleus = -8.0232452652E+00
           ESPn =  6.9242498760E+00     ESPn at Nucleus =  6.8822243363E+00

CP# 15     Coords = -1.30077639924801E+00  2.07218210908232E-06 -8.11516611334976E-02
           Type = (3,+1) RCP H14 H14 H14 H14 H14
           Rho =  9.5199183824E-02
           GradRho = -2.0816681712E-17 -1.2650085102E-17  1.0842021725E-17
           HessRho_EigVals = -1.1797087498E-01  1.8846493237E-02  5.6810916355E-02
           HessRho_EigVec1 =  5.1745417536E-01 -8.5746947453E-06  8.5571091867E-01
           HessRho_EigVec2 =  9.9129908131E-07  9.9999999996E-01  9.4211055631E-06
           HessRho_EigVec3 =  8.5571091871E-01  4.0267249626E-06 -5.1745417535E-01
           DelSqRho = -4.2313465389E-02
           Bond Ellipticity = NA
           V = -8.0450751178E-02
           G =  3.4936192415E-02
           K =  4.5514558762E-02
           L =  1.0578366347E-02
           Vnuc =  1.1599856764E+01
           Ven = -1.1042968964E+00
           Vrep =  1.0238461452E+00
           DelSqV = -2.2531782419E-01
           DelSqVen =  4.9083013769E-01
           DelSqVrep = -7.1614796188E-01
           DelSqG =  1.2926697651E-01
           DelSqK =  9.6050847686E-02
           Stress_EigVals = -4.5568980969E-02 -3.2997558142E-02 -1.8842120670E-03
           Stress_EigVec1 =  5.2387535245E-01 -7.9324716200E-06  8.5179493719E-01
           Stress_EigVec2 = -1.5999519199E-06  9.9999999995E-01  1.0296664857E-05
           Stress_EigVec3 =  8.5179493723E-01  6.7569998764E-06 -5.2387535241E-01
           -DivStress = -4.5441626064E-02 -3.4105819063E-07  2.8645766466E-02
           ESP =   4.6443015707E-01
           ESPe = -1.1135426607E+01
           ESPn =  1.1599856764E+01
             82 sample points along path from RCP to BCP between atoms B1 and H4            
            -7.7179572662E-01  -1.9007115865E+00  -2.7301497137E-01   1.3870405070E-01
            -7.7252950661E-01  -1.8983277612E+00  -2.7284484290E-01   1.3870358765E-01
            -7.7971891053E-01  -1.8744470856E+00  -2.7110665405E-01   1.3864863769E-01
            -7.8671150656E-01  -1.8505066379E+00  -2.6938751073E-01   1.3850453460E-01
            -7.9353104707E-01  -1.8265122965E+00  -2.6772541591E-01   1.3827501073E-01
            -8.0018732020E-01  -1.8024673187E+00  -2.6613472756E-01   1.3796426462E-01
            -8.0668025035E-01  -1.7783724718E+00  -2.6462547126E-01   1.3757690386E-01
            -8.1302500140E-01  -1.7542333087E+00  -2.6319645796E-01   1.3711788466E-01
            -8.1922675532E-01  -1.7300522602E+00  -2.6184993974E-01   1.3659244602E-01
            -8.2529248392E-01  -1.7058323381E+00  -2.6058496389E-01   1.3600604315E-01
            -8.3123095612E-01  -1.6815769207E+00  -2.5939861138E-01   1.3536427707E-01
            -8.3705241471E-01  -1.6572896431E+00  -2.5828630262E-01   1.3467282632E-01
            -8.4276894658E-01  -1.6329744455E+00  -2.5724168960E-01   1.3393737848E-01
            -8.4839466475E-01  -1.6086355846E+00  -2.5625666633E-01   1.3316356370E-01
            -8.5394590961E-01  -1.5842776656E+00  -2.5532130372E-01   1.3235689065E-01
            -8.5944144027E-01  -1.5599056884E+00  -2.5442376347E-01   1.3152268548E-01
            -8.6490261222E-01  -1.5355251143E+00  -2.5355020137E-01   1.3066603423E-01
            -8.7035352712E-01  -1.5111419573E+00  -2.5268467166E-01   1.2979172917E-01
            -8.7582113693E-01  -1.4867629015E+00  -2.5180904680E-01   1.2890421925E-01
            -8.8133527704E-01  -1.4623954489E+00  -2.5090297129E-01   1.2800756541E-01
            -8.8692859612E-01  -1.4380480943E+00  -2.4994387272E-01   1.2710540095E-01
            -8.9263634253E-01  -1.4137305216E+00  -2.4890705957E-01   1.2620089830E-01
            -8.9849596241E-01  -1.3894538070E+00  -2.4776594006E-01   1.2529674311E-01
            -9.0454646387E-01  -1.3652306009E+00  -2.4649239889E-01   1.2439511777E-01
            -9.1082751031E-01  -1.3410752519E+00  -2.4505736610E-01   1.2349769646E-01
            -9.1737822729E-01  -1.3170038182E+00  -2.4343160040E-01   1.2260565468E-01
            -9.2423574500E-01  -1.2930339079E+00  -2.4158668613E-01   1.2171969607E-01
            -9.3143355035E-01  -1.2691842905E+00  -2.3949620684E-01   1.2084009893E-01
            -9.3899978273E-01  -1.2454742457E+00  -2.3713701430E-01   1.1996678381E-01
            -9.4695565868E-01  -1.2219226566E+00  -2.3449046834E-01   1.1909940101E-01
            -9.5531423345E-01  -1.1985469107E+00  -2.3154349547E-01   1.1823743443E-01
            -9.6407968429E-01  -1.1753617331E+00  -2.2828931815E-01   1.1738031480E-01
            -9.7324722729E-01  -1.1523781092E+00  -2.2472774667E-01   1.1652753321E-01
            -9.8280367288E-01  -1.1296024550E+00  -2.2086499732E-01   1.1567874464E-01
            -9.9272851511E-01  -1.1070361501E+00  -2.1671308177E-01   1.1483385238E-01
            -1.0029953703E+00  -1.0846754750E+00  -2.1228888011E-01   1.1399306652E-01
            -1.0135735509E+00  -1.0625119175E+00  -2.0761304495E-01   1.1315693362E-01
            -1.0244295812E+00  -1.0405327589E+00  -2.0270888272E-01   1.1232633821E-01
            -1.0355285125E+00  -1.0187218196E+00  -1.9760132882E-01   1.1150247980E-01
            -1.0468349609E+00  -9.9706025266E-01  -1.9231609099E-01   1.1068683116E-01
            -1.0583138459E+00  -9.7552729346E-01  -1.8687899367E-01   1.0988108388E-01
            -1.0699308480E+00  -9.5410090861E-01  -1.8131552337E-01   1.0908708728E-01
            -1.0816526269E+00  -9.3275831572E-01  -1.7565055471E-01   1.0830678563E-01
            -1.0934468473E+00  -9.1147636980E-01  -1.6990822692E-01   1.0754215754E-01
            -1.1052820588E+00  -8.9023182786E-01  -1.6411193851E-01   1.0679516010E-01
            -1.1171274712E+00  -8.6900151152E-01  -1.5828443057E-01   1.0606767947E-01
            -1.1289526545E+00  -8.4776239170E-01  -1.5244793359E-01   1.0536148848E-01
            -1.1407271887E+00  -8.2649161968E-01  -1.4662435771E-01   1.0467821160E-01
            -1.1524202811E+00  -8.0516652851E-01  -1.4083551082E-01   1.0401929678E-01
            -1.1640003641E+00  -7.8376462770E-01  -1.3510333159E-01   1.0338599373E-01
            -1.1754346866E+00  -7.6226361339E-01  -1.2945012662E-01   1.0277933795E-01
            -1.1866889099E+00  -7.4064141638E-01  -1.2389880074E-01   1.0220013986E-01
            -1.1977267265E+00  -7.1887631081E-01  -1.1847306823E-01   1.0164897834E-01
            -1.2085095211E+00  -6.9694710704E-01  -1.1319762960E-01   1.0112619838E-01
            -1.2189961050E+00  -6.7483345192E-01  -1.0809829424E-01   1.0063191235E-01
            -1.2291425665E+00  -6.5251625788E-01  -1.0320202311E-01   1.0016600484E-01
            -1.2389022885E+00  -6.2997827610E-01  -9.8536859520E-02   9.9728141187E-02
            -1.2482262036E+00  -6.0720481710E-01  -9.4131710125E-02   9.9317779706E-02
            -1.2570633609E+00  -5.8418460206E-01  -9.0015935104E-02   9.8934188237E-02
            -1.2653618809E+00  -5.6091069785E-01  -8.6218709694E-02   9.8576465145E-02
            -1.2730703605E+00  -5.3738145120E-01  -8.2768131786E-02   9.8243565177E-02
            -1.2801397497E+00  -5.1360129529E-01  -7.9690076554E-02   9.7934330097E-02
            -1.2865256552E+00  -4.8958126995E-01  -7.7006839518E-02   9.7647523644E-02
            -1.2921909385E+00  -4.6533908755E-01  -7.4735660525E-02   9.7381869666E-02
            -1.2971083805E+00  -4.4089860885E-01  -7.2887271796E-02   9.7136091617E-02
            -1.3012631093E+00  -4.1628867296E-01  -7.1464646732E-02   9.6908950970E-02
            -1.3046544717E+00  -3.9154134377E-01  -7.0462125229E-02   9.6699281819E-02
            -1.3072970829E+00  -3.6668976096E-01  -6.9865046629E-02   9.6506019113E-02
            -1.3092209179E+00  -3.4176587697E-01  -6.9649939646E-02   9.6328218592E-02
            -1.3104704749E+00  -3.1679838786E-01  -6.9785221851E-02   9.6165067567E-02
            -1.3111031917E+00  -2.9181111838E-01  -7.0232278965E-02   9.6015886783E-02
            -1.3111873975E+00  -2.6682202037E-01  -7.0946748961E-02   9.5880124636E-02
            -1.3108001006E+00  -2.4184282586E-01  -7.1879835420E-02   9.5757345603E-02
            -1.3100248735E+00  -2.1687929836E-01  -7.2979510093E-02   9.5647215012E-02
            -1.3089500118E+00  -1.9193196714E-01  -7.4191520315E-02   9.5549482125E-02
            -1.3076670582E+00  -1.6699721149E-01  -7.5460180205E-02   9.5463963178E-02
            -1.3062697225E+00  -1.4206857444E-01  -7.6729007371E-02   9.5390525621E-02
            -1.3048532895E+00  -1.1713821456E-01  -7.7941501524E-02   9.5329074391E-02
            -1.3035154289E+00  -9.2198443918E-02  -7.9043807112E-02   9.5279540736E-02
            -1.3023679278E+00  -6.7243452755E-02  -8.0005292047E-02   9.5241873832E-02
            -1.3017176549E+00  -4.2280640753E-02  -8.1118617041E-02   9.5216025708E-02
            -1.3007763992E+00   2.0721821091E-06  -8.1151661133E-02   9.5199183824E-02
             51 sample points along path from RCP to BCP between atoms H4 and B2            
            -1.9659047291E+00  -8.1323751113E-01   4.0365023130E-01   1.0501152961E-01
            -1.9644290524E+00  -8.1193607079E-01   4.0210795016E-01   1.0501135514E-01
            -1.9493577638E+00  -7.9876472676E-01   3.8713096434E-01   1.0499075918E-01
            -1.9339441051E+00  -7.8538381271E-01   3.7269676193E-01   1.0493711320E-01
            -1.9183221950E+00  -7.7183549103E-01   3.5864738047E-01   1.0485224508E-01
            -1.9025536146E+00  -7.5814431251E-01   3.4490349333E-01   1.0473805876E-01
            -1.8866661497E+00  -7.4432344312E-01   3.3142879791E-01   1.0459650720E-01
            -1.8706839214E+00  -7.3039585560E-01   3.1817787865E-01   1.0442957091E-01
            -1.8546233608E+00  -7.1637617578E-01   3.0512018780E-01   1.0423923853E-01
            -1.8384922066E+00  -7.0227871777E-01   2.9223435702E-01   1.0402748973E-01
            -1.8222953745E+00  -6.8811756090E-01   2.7950164244E-01   1.0379628109E-01
            -1.8060355329E+00  -6.7390644633E-01   2.6690561328E-01   1.0354753417E-01
            -1.7897135775E+00  -6.5965859850E-01   2.5443199644E-01   1.0328312612E-01
            -1.7733293648E+00  -6.4538653974E-01   2.4206815082E-01   1.0300488281E-01
            -1.7568822541E+00  -6.3110182303E-01   2.2980281872E-01   1.0271457452E-01
            -1.7403715586E+00  -6.1681470278E-01   2.1762602857E-01   1.0241391417E-01
            -1.7237969639E+00  -6.0253376138E-01   2.0552905739E-01   1.0210455800E-01
            -1.7071589136E+00  -5.8826550159E-01   1.9350444474E-01   1.0178810847E-01
            -1.6904589623E+00  -5.7401391882E-01   1.8154604368E-01   1.0146611910E-01
            -1.6737000974E+00  -5.5978006958E-01   1.6964909442E-01   1.0114010083E-01
            -1.6568870270E+00  -5.4556165327E-01   1.5781031076E-01   1.0081152926E-01
            -1.6400264352E+00  -5.3135262333E-01   1.4602797320E-01   1.0048185213E-01
            -1.6231272082E+00  -5.1714284162E-01   1.3430202572E-01   1.0015249621E-01
            -1.6062006415E+00  -5.0291778507E-01   1.2263417710E-01   9.9824872950E-02
            -1.5892606392E+00  -4.8865830847E-01   1.1102801138E-01   9.9500381989E-02
            -1.5723239275E+00  -4.7434046105E-01   9.9489115760E-02   9.9180412027E-02
