 AIMExt (Version 14.11.23, Professional)
 Portions Copyright (c) 1997-2014 by Todd A. Keith
 AIMExt is a component of the AIMAll package ( http://aim.tkgristmill.com )

 AIMExt is a heavily modified and extended version of the EXTREME program
 developed by members of R.F.W. Bader's research group

 Much of the Quantum Theory of Atoms in Molecules (QTAIM) is described in the book:
   "Atoms in Molecules - A Quantum Theory"
   R.F.W. Bader, Oxford University Press, Oxford, 1990

 For additional references see:  http://aim.tkgristmill.com/references.html

 Wfx File:  /scratch/mjmills_scratch/NOT-SOFTWARE/rhorix/benzene/AIMAll/benzene.wfx
 ExtOut File:  /scratch/mjmills_scratch/NOT-SOFTWARE/rhorix/benzene/AIMAll/benzene.extout
 Mgp File:  /scratch/mjmills_scratch/NOT-SOFTWARE/rhorix/benzene/AIMAll/benzene.mgp

 MgpViz File:  /scratch/mjmills_scratch/NOT-SOFTWARE/rhorix/benzene/AIMAll/benzene.mgpviz

 Wfx Title:  Benzene Geometry                                                               
 Job Title:  Auto                                                                           
 
Nuclear Charges and Cartesian Coordinates:
-------------------------------------------------------------------------------
Atom      Charge                X                  Y                  Z
-------------------------------------------------------------------------------
H1         1.0          -4.0461343000E+00   2.3360195200E+00   0.0000000000E+00
C2         6.0          -2.2765768600E+00   1.3143808800E+00   0.0000000000E+00
C3         6.0           7.9137974400E-06   2.6287555000E+00   0.0000000000E+00
H4         1.0           3.4975743800E-05   4.6720494900E+00   0.0000000000E+00
C5         6.0           2.2766078900E+00   1.3143841000E+00   0.0000000000E+00
H6         1.0           4.0460909200E+00   2.3361199300E+00   0.0000000000E+00
C7         6.0           2.2765645900E+00  -1.3144072800E+00   0.0000000000E+00
H8         1.0           4.0461539600E+00  -2.3359814500E+00   0.0000000000E+00
C9         6.0           0.0000000000E+00  -2.6287527900E+00   0.0000000000E+00
H10        1.0           3.6494027900E-05  -4.6720500700E+00   0.0000000000E+00
C11        6.0          -2.2766174600E+00  -1.3143678100E+00   0.0000000000E+00
H12        1.0          -4.0460985300E+00  -2.3361130600E+00   0.0000000000E+00

Total number of electron density critical points found =     25

Electron Density Critical Point Analysis of Molecular Structure:
---------------------------------------------------------------
  NACP = Nuclear Attractor Critical Point
  NNACP = Non-Nuclear Attractor Critical Point
  BCP = Bond Critical Point
  RCP = Ring Critical Point
  CCP = Cage Critical Point
  Rho = Electron Density
  GradRho = Gradient of Electron Density
  HessRho_EigVals = Eigenvalues of the Hessian of Rho, Ascending Order
  HessRho_EigVecs = Eigenvectors of the Hessian of Rho
  DelSqRho = Laplacian of Rho = Trace of Hessian of Rho
  Bond Ellipticity = (HessRho_EigVal(1) / HessRho_EigVal(2)) - 1
  V = Virial Field = Potential Energy Density = Trace of Stress Tensor
  G = Lagrangian Form of Kinetic Energy Density
  K = Hamiltonian Form of Kinetic Energy Density
  L = K - G = Lagrangian Density = (-1/4)DelSqRho
  Vnuc = Electrostatic Potential from Nuclei
  Ven = Electron-nuclear attractive contribution to Virial Field V
  Vrep = V - Ven = Repulsive contribution to Virial Field V
  DelSqV = Laplacian of V
  DelSqVen = Laplacian of Ven
  DelSqVrep = Laplacian of Vrep
  DelSqG = Laplacian of G
  DelSqK = Laplacian of K
  Stress_EigVals = Eigenvalues of Stress Tensor, Ascending Order
  Stress_EigVecs = Eigenvectors of Stress Tensor
  -DivStress = Ehrenfest Force Density = Minus Divergence of Stress Tensor
  ESP = Total Electrostatic Potential
  ESPe = Electrostatic Potential from Electrons
  ESPn = Electrostatic Potential from Nuclei
  BP = Bond Path
  BPL = Bond Path Length
  GBL = Geometric Bond Length
  GBL_I = Distance Between Nuclear Attractors
  GBL_II = Distance Between Nuclei
  GBL_III = Sum of Distances Between BCP and Nuclear Attractors
  GBL_IV = Sum of Distances Between BCP and Nuclei

CP# 1      Coords = -4.01950041986653E+00  2.32064288365188E+00  0.00000000000000E+00
           Type = (3,-3) NACP H1
           Rho =  4.4966831788E-01     Rho at Nucleus =  4.4554316409E-01
           GradRho =  1.7884999037E-14 -8.7308632546E-15  0.0000000000E+00
           HessRho_EigVals = -9.2012550449E+00 -9.1926674757E+00 -8.4204686951E+00
           HessRho_EigVec1 =  4.9999017973E-01  8.6603107345E-01  0.0000000000E+00
           HessRho_EigVec2 =  0.0000000000E+00  0.0000000000E+00  1.0000000000E+00
           HessRho_EigVec3 =  8.6603107345E-01 -4.9999017973E-01  0.0000000000E+00
           DelSqRho = -2.6814391216E+01
           Bond Ellipticity = NA
           V = -6.7198511688E+00
           G =  8.1266824195E-03
           K =  6.7117244863E+00
           L =  6.7035978039E+00
           Vnuc =  4.1966366777E+01
           Ven = -1.8870945556E+01
           Vrep =  1.2151094388E+01
           DelSqV =  1.7281347181E+03
           DelSqVen =  1.1253025767E+03
           DelSqVrep =  6.0283214142E+02
           DelSqG =  1.3378063054E+02
           DelSqK = -1.8619153486E+03
           Stress_EigVals = -2.3060220416E+00 -2.3059506748E+00 -2.1078784523E+00
           Stress_EigVec1 =  4.9998956406E-01  8.6603142890E-01  0.0000000000E+00
           Stress_EigVec2 =  0.0000000000E+00  0.0000000000E+00  1.0000000000E+00
           Stress_EigVec3 =  8.6603142890E-01 -4.9998956406E-01  0.0000000000E+00
           -DivStress = -1.4892919587E+01  8.5981829303E+00  0.0000000000E+00
           ESP =  -1.1092632339E+00     ESP at Nucleus =  -1.1105067930E+00
           ESPe = -1.0559465791E+01     ESPe at Nucleus = -1.0482690181E+01
           ESPn =  9.4502025574E+00     ESPn at Nucleus =  9.3721833876E+00

CP# 2      Coords = -2.27657775116124E+00  1.31438139454428E+00  0.00000000000000E+00
           Type = (3,-3) NACP C2
           Rho =  1.1988987972E+02     Rho at Nucleus =  1.1988987962E+02
           GradRho = -3.9724346035E-10  2.4757484951E-10  0.0000000000E+00
           HessRho_EigVals = -1.8247055522E+05 -1.8246818571E+05 -1.8246796087E+05
           HessRho_EigVec1 =  0.0000000000E+00  0.0000000000E+00  1.0000000000E+00
           HessRho_EigVec2 =  8.6612786366E-01 -4.9982249228E-01  0.0000000000E+00
           HessRho_EigVec3 =  4.9982249228E-01  8.6612786366E-01  0.0000000000E+00
           DelSqRho = -5.4740670180E+05
           Bond Ellipticity = NA
           V = -1.3686789486E+05
           G =  8.1097035929E+00
           K =  1.3685978515E+05
           L =  1.3685167545E+05
           Vnuc =  5.8306845572E+06
           Ven = -6.9904007023E+08
           Vrep =  6.9890320233E+08
           DelSqV =  4.6394241953E+09
           DelSqVen =  3.1917557678E+12
           DelSqVrep = -3.1871163436E+12
           DelSqG =  2.0831567791E+08
           DelSqK = -4.8477398732E+09
           Stress_EigVals = -4.5623005556E+04 -4.5622892688E+04 -4.5621996615E+04
           Stress_EigVec1 =  4.9994902612E-01  8.6605483157E-01  0.0000000000E+00
           Stress_EigVec2 =  8.6605483157E-01 -4.9994902612E-01  0.0000000000E+00
           Stress_EigVec3 =  0.0000000000E+00  0.0000000000E+00  1.0000000000E+00
           -DivStress =  1.3475691378E+03 -7.7806812945E+02  0.0000000000E+00
           ESP =  -1.4770444945E+01     ESP at Nucleus =  -1.4770444945E+01
           ESPe = -2.4543739841E+01     ESPe at Nucleus = -2.4543741294E+01
           ESPn =  9.7732948959E+00     ESPn at Nucleus =  9.7732963493E+00

CP# 3      Coords =  7.91365012822072E-06  2.62875652886013E+00  0.00000000000000E+00
           Type = (3,-3) NACP C3
           Rho =  1.1988988376E+02     Rho at Nucleus =  1.1988988367E+02
           GradRho = -6.9722005946E-14  5.2715554144E-10  0.0000000000E+00
           HessRho_EigVals = -1.8247056059E+05 -1.8246819106E+05 -1.8246796622E+05
           HessRho_EigVec1 =  0.0000000000E+00  0.0000000000E+00  1.0000000000E+00
           HessRho_EigVec2 =  1.3121973228E-04  9.9999999139E-01  0.0000000000E+00
           HessRho_EigVec3 =  9.9999999139E-01 -1.3121973228E-04  0.0000000000E+00
           DelSqRho = -5.4740671787E+05
           Bond Ellipticity = NA
           V = -1.3686789882E+05
           G =  8.1096751750E+00
           K =  1.3685978914E+05
           L =  1.3685167947E+05
           Vnuc =  5.8317061774E+06
           Ven = -6.9916257575E+08
           Vrep =  6.9902570785E+08
           DelSqV =  4.6394243284E+09
           DelSqVen =  3.1923153142E+12
           DelSqVrep = -3.1876758898E+12
           DelSqG =  2.0831568309E+08
           DelSqK = -4.8477400115E+09
           Stress_EigVals = -4.5623006870E+04 -4.5622894015E+04 -4.5621997934E+04
           Stress_EigVec1 =  9.9999999968E-01 -2.5284093719E-05  0.0000000000E+00
           Stress_EigVec2 =  2.5284093719E-05  9.9999999968E-01  0.0000000000E+00
           Stress_EigVec3 =  0.0000000000E+00  0.0000000000E+00  1.0000000000E+00
           -DivStress =  2.2252832373E-01 -1.5557913927E+03  0.0000000000E+00
           ESP =  -1.4770445236E+01     ESP at Nucleus =  -1.4770445236E+01
           ESPe = -2.4543729463E+01     ESPe at Nucleus = -2.4543730916E+01
           ESPn =  9.7732842272E+00     ESPn at Nucleus =  9.7732856803E+00

CP# 4      Coords =  3.44336140369575E-05  4.64129538670540E+00  0.00000000000000E+00
           Type = (3,-3) NACP H4
           Rho =  4.4967056985E-01     Rho at Nucleus =  4.4554535401E-01
           GradRho = -6.6439909130E-16 -3.8674653757E-11  0.0000000000E+00
           HessRho_EigVals = -9.2012973403E+00 -9.1927094994E+00 -8.4204997179E+00
           HessRho_EigVec1 =  9.9999999986E-01 -1.6654173486E-05  0.0000000000E+00
           HessRho_EigVec2 =  0.0000000000E+00  0.0000000000E+00  1.0000000000E+00
           HessRho_EigVec3 =  1.6654173486E-05  9.9999999986E-01  0.0000000000E+00
           DelSqRho = -2.6814506558E+01
           Bond Ellipticity = NA
           V = -6.7198802935E+00
           G =  8.1268270494E-03
           K =  6.7117534664E+00
           L =  6.7036266394E+00
           Vnuc =  4.1966209925E+01
           Ven = -1.8870969531E+01
           Vrep =  1.2151089238E+01
           DelSqV =  1.7281415140E+03
           DelSqVen =  1.1253032113E+03
           DelSqVrep =  6.0283830273E+02
           DelSqG =  1.3378112026E+02
           DelSqK = -1.8619226343E+03
           Stress_EigVals = -2.3060327332E+00 -2.3059613720E+00 -2.1078861883E+00
           Stress_EigVec1 =  9.9999999985E-01 -1.7427653145E-05  0.0000000000E+00
           Stress_EigVec2 =  0.0000000000E+00  0.0000000000E+00  1.0000000000E+00
           Stress_EigVec3 =  1.7427653145E-05  9.9999999985E-01  0.0000000000E+00
           -DivStress =  3.0418957415E-04  1.7196906247E+01  0.0000000000E+00
           ESP =  -1.1092636270E+00     ESP at Nucleus =  -1.1105072754E+00
           ESPe = -1.0559487302E+01     ESPe at Nucleus = -1.0482711066E+01
           ESPn =  9.4502236750E+00     ESPn at Nucleus =  9.3722037901E+00

CP# 5      Coords =  2.27660878075398E+00  1.31438461434198E+00  0.00000000000000E+00
           Type = (3,-3) NACP C5
           Rho =  1.1988988279E+02     Rho at Nucleus =  1.1988988270E+02
           GradRho =  4.5631776135E-10  2.6639565553E-10  0.0000000000E+00
           HessRho_EigVals = -1.8247055743E+05 -1.8246818788E+05 -1.8246796303E+05
           HessRho_EigVec1 =  0.0000000000E+00  0.0000000000E+00  1.0000000000E+00
           HessRho_EigVec2 =  8.6591089562E-01  5.0019828154E-01  0.0000000000E+00
           HessRho_EigVec3 = -5.0019828154E-01  8.6591089562E-01  0.0000000000E+00
           DelSqRho = -5.4740670833E+05
           Bond Ellipticity = NA
           V = -1.3686789639E+05
           G =  8.1096523776E+00
           K =  1.3685978674E+05
           L =  1.3685167708E+05
           Vnuc =  5.8332572715E+06
           Ven = -6.9934853058E+08
           Vrep =  6.9921166269E+08
           DelSqV =  4.6394242440E+09
           DelSqVen =  3.1931641364E+12
           DelSqVrep = -3.1885247122E+12
           DelSqG =  2.0831567738E+08
           DelSqK = -4.8477399214E+09
           Stress_EigVals = -4.5623006048E+04 -4.5622893219E+04 -4.5621997121E+04
           Stress_EigVec1 = -4.9999240214E-01  8.6602979037E-01  0.0000000000E+00
           Stress_EigVec2 =  8.6602979037E-01  4.9999240214E-01  0.0000000000E+00
           Stress_EigVec3 =  0.0000000000E+00  0.0000000000E+00  1.0000000000E+00
           -DivStress = -1.3469534058E+03 -7.7776248029E+02  0.0000000000E+00
           ESP =  -1.4770444157E+01     ESP at Nucleus =  -1.4770444157E+01
           ESPe = -2.4543684511E+01     ESPe at Nucleus = -2.4543685964E+01
           ESPn =  9.7732403543E+00     ESPn at Nucleus =  9.7732418071E+00

CP# 6      Coords =  4.01945781853533E+00  2.32074091604898E+00  0.00000000000000E+00
           Type = (3,-3) NACP H6
           Rho =  4.4967200636E-01     Rho at Nucleus =  4.4554669059E-01
           GradRho = -1.4811069038E-14 -1.1222793528E-14  0.0000000000E+00
           HessRho_EigVals = -9.2013209276E+00 -9.1927330436E+00 -8.4205071199E+00
           HessRho_EigVec1 = -5.0005539987E-01  8.6599341629E-01  0.0000000000E+00
           HessRho_EigVec2 =  0.0000000000E+00  0.0000000000E+00  1.0000000000E+00
           HessRho_EigVec3 =  8.6599341629E-01  5.0005539987E-01  0.0000000000E+00
           DelSqRho = -2.6814561091E+01
           Bond Ellipticity = NA
           V = -6.7198940681E+00
           G =  8.1268976692E-03
           K =  6.7117671704E+00
           L =  6.7036402728E+00
           Vnuc =  4.1965828158E+01
           Ven = -1.8870858147E+01
           Vrep =  1.2150964079E+01
           DelSqV =  1.7281437542E+03
           DelSqVen =  1.1252952629E+03
           DelSqVrep =  6.0284849130E+02
           DelSqG =  1.3378124634E+02
           DelSqK = -1.8619250005E+03
           Stress_EigVals = -2.3060387507E+00 -2.3059673890E+00 -2.1078879284E+00
           Stress_EigVec1 = -5.0005712533E-01  8.6599241995E-01  0.0000000000E+00
           Stress_EigVec2 =  0.0000000000E+00  0.0000000000E+00  1.0000000000E+00
           Stress_EigVec3 =  8.6599241995E-01  5.0005712533E-01  0.0000000000E+00
           -DivStress =  1.4892576682E+01  8.5995706808E+00  0.0000000000E+00
           ESP =  -1.1092607007E+00     ESP at Nucleus =  -1.1105044545E+00
           ESPe = -1.0559468634E+01     ESPe at Nucleus = -1.0482691415E+01
           ESPn =  9.4502079335E+00     ESPn at Nucleus =  9.3721869604E+00

CP# 7      Coords =  2.27656548153176E+00 -1.31440779373859E+00  0.00000000000000E+00
           Type = (3,-3) NACP C7
           Rho =  1.1988988189E+02     Rho at Nucleus =  1.1988988179E+02
           GradRho =  4.5881121125E-10 -2.3177282316E-10  0.0000000000E+00
           HessRho_EigVals = -1.8247055794E+05 -1.8246818841E+05 -1.8246796357E+05
           HessRho_EigVec1 =  0.0000000000E+00  0.0000000000E+00  1.0000000000E+00
           HessRho_EigVec2 =  8.6583707563E-01 -5.0032605215E-01  0.0000000000E+00
           HessRho_EigVec3 =  5.0032605215E-01  8.6583707563E-01  0.0000000000E+00
           DelSqRho = -5.4740670993E+05
           Bond Ellipticity = NA
           V = -1.3686789687E+05
           G =  8.1096958123E+00
           K =  1.3685978718E+05
           L =  1.3685167748E+05
           Vnuc =  5.8311470361E+06
           Ven = -6.9909552941E+08
           Vrep =  6.9895866152E+08
           DelSqV =  4.6394242625E+09
           DelSqVen =  3.1920089989E+12
           DelSqVrep = -3.1873694436E+12
           DelSqG =  2.0831568031E+08
           DelSqK = -4.8477399428E+09
           Stress_EigVals = -4.5623006226E+04 -4.5622893365E+04 -4.5621997284E+04
           Stress_EigVec1 =  5.0036043966E-01  8.6581720381E-01  0.0000000000E+00
           Stress_EigVec2 =  8.6581720381E-01 -5.0036043966E-01  0.0000000000E+00
           Stress_EigVec3 =  0.0000000000E+00  0.0000000000E+00  1.0000000000E+00
           -DivStress = -1.3481291639E+03  7.7685034917E+02  0.0000000000E+00
           ESP =  -1.4770445488E+01     ESP at Nucleus =  -1.4770445488E+01
           ESPe = -2.4543731141E+01     ESPe at Nucleus = -2.4543732593E+01
           ESPn =  9.7732856523E+00     ESPn at Nucleus =  9.7732871056E+00

CP# 8      Coords =  4.01951931463791E+00 -2.32060591127485E+00  0.00000000000000E+00
           Type = (3,-3) NACP H8
           Rho =  4.4966962930E-01     Rho at Nucleus =  4.4554443525E-01
           GradRho = -1.8924098399E-14  1.0203643486E-14  0.0000000000E+00
           HessRho_EigVals = -9.2012796976E+00 -9.1926920788E+00 -8.4204861575E+00
           HessRho_EigVec1 =  4.9995435099E-01  8.6605175765E-01  0.0000000000E+00
           HessRho_EigVec2 =  0.0000000000E+00  0.0000000000E+00  1.0000000000E+00
           HessRho_EigVec3 =  8.6605175765E-01 -4.9995435099E-01  0.0000000000E+00
           DelSqRho = -2.6814457934E+01
           Bond Ellipticity = NA
           V = -6.7198680119E+00
           G =  8.1267641887E-03
           K =  6.7117412477E+00
           L =  6.7036144835E+00
           Vnuc =  4.1966253475E+01
           Ven = -1.8870949643E+01
           Vrep =  1.2151081631E+01
           DelSqV =  1.7281385933E+03
           DelSqVen =  1.1253023384E+03
           DelSqVrep =  6.0283625490E+02
           DelSqG =  1.3378091125E+02
           DelSqK = -1.8619195046E+03
           Stress_EigVals = -2.3060282866E+00 -2.3059569143E+00 -2.1078828110E+00
           Stress_EigVec1 =  4.9995251156E-01  8.6605281951E-01  0.0000000000E+00
           Stress_EigVec2 =  0.0000000000E+00  0.0000000000E+00  1.0000000000E+00
           Stress_EigVec3 =  8.6605281951E-01 -4.9995251156E-01  0.0000000000E+00
           -DivStress =  1.4893385438E+01 -8.5975889582E+00  0.0000000000E+00
           ESP =  -1.1092632331E+00     ESP at Nucleus =  -1.1105068520E+00
           ESPe = -1.0559472958E+01     ESPe at Nucleus = -1.0482696935E+01
           ESPn =  9.4502097247E+00     ESPn at Nucleus =  9.3721900833E+00

CP# 9      Coords = -3.14581749943274E-10 -2.62875381893066E+00  0.00000000000000E+00
           Type = (3,-3) NACP C9
           Rho =  1.1988988227E+02     Rho at Nucleus =  1.1988988217E+02
           GradRho = -1.5010215293E-13 -5.0631021598E-10  0.0000000000E+00
           HessRho_EigVals = -1.8247055886E+05 -1.8246818934E+05 -1.8246796451E+05
           HessRho_EigVec1 =  0.0000000000E+00  0.0000000000E+00  1.0000000000E+00
           HessRho_EigVec2 = -4.9587894294E-04  9.9999987705E-01  0.0000000000E+00
           HessRho_EigVec3 =  9.9999987705E-01  4.9587894294E-04  0.0000000000E+00
           DelSqRho = -5.4740671271E+05
           Bond Ellipticity = NA
           V = -1.3686789755E+05
           G =  8.1096839460E+00
           K =  1.3685978786E+05
           L =  1.3685167818E+05
           Vnuc =  5.8313062110E+06
           Ven = -6.9911461511E+08
           Vrep =  6.9897774722E+08
           DelSqV =  4.6394242862E+09
           DelSqVen =  3.1920960307E+12
           DelSqVrep = -3.1874567375E+12
           DelSqG =  2.0831568178E+08
           DelSqK = -4.8477399679E+09
           Stress_EigVals = -4.5623006447E+04 -4.5622893588E+04 -4.5621997511E+04
           Stress_EigVec1 =  9.9999996589E-01  2.6117174328E-04  0.0000000000E+00
           Stress_EigVec2 = -2.6117174328E-04  9.9999996589E-01  0.0000000000E+00
           Stress_EigVec3 =  0.0000000000E+00  0.0000000000E+00  1.0000000000E+00
           -DivStress =  4.7541013469E-01  1.5558980103E+03  0.0000000000E+00
           ESP =  -1.4770444915E+01     ESP at Nucleus =  -1.4770444914E+01
           ESPe = -2.4543738537E+01     ESPe at Nucleus = -2.4543739990E+01
           ESPn =  9.7732936225E+00     ESPn at Nucleus =  9.7732950758E+00

CP# 10     Coords =  3.57400508967623E-05 -4.64129605340983E+00  0.00000000000000E+00
           Type = (3,-3) NACP H10
           Rho =  4.4966966581E-01     Rho at Nucleus =  4.4554447974E-01
           GradRho = -9.4455693267E-16  3.8652081535E-11  0.0000000000E+00
           HessRho_EigVals = -9.2012805747E+00 -9.1926927764E+00 -8.4204882096E+00
           HessRho_EigVec1 =  9.9999999973E-01  2.3151952219E-05  0.0000000000E+00
           HessRho_EigVec2 =  0.0000000000E+00  0.0000000000E+00  1.0000000000E+00
           HessRho_EigVec3 = -2.3151952219E-05  9.9999999973E-01  0.0000000000E+00
           DelSqRho = -2.6814461561E+01
           Bond Ellipticity = NA
           V = -6.7198689316E+00
           G =  8.1267707085E-03
           K =  6.7117421609E+00
           L =  6.7036153902E+00
           Vnuc =  4.1966297956E+01
           Ven = -1.8870971177E+01
           Vrep =  1.2151102246E+01
           DelSqV =  1.7281389381E+03
           DelSqVen =  1.1253036835E+03
           DelSqVrep =  6.0283525467E+02
           DelSqG =  1.3378093654E+02
           DelSqK = -1.8619198747E+03
           Stress_EigVals = -2.3060284833E+00 -2.3059571272E+00 -2.1078833212E+00
           Stress_EigVec1 =  9.9999999972E-01  2.3743049621E-05  0.0000000000E+00
           Stress_EigVec2 =  0.0000000000E+00  0.0000000000E+00  1.0000000000E+00
           Stress_EigVec3 = -2.3743049621E-05  9.9999999972E-01  0.0000000000E+00
           -DivStress =  4.2282388694E-04 -1.7196828891E+01  0.0000000000E+00
           ESP =  -1.1092637117E+00     ESP at Nucleus =  -1.1105073179E+00
           ESPe = -1.0559483751E+01     ESPe at Nucleus = -1.0482707807E+01
           ESPn =  9.4502200394E+00     ESPn at Nucleus =  9.3722004889E+00

CP# 11     Coords = -2.27661835046691E+00 -1.31436832496215E+00  0.00000000000000E+00
           Type = (3,-3) NACP C11
           Rho =  1.1988987811E+02     Rho at Nucleus =  1.1988987802E+02
           GradRho = -3.9345704472E-10 -2.4440097168E-10  0.0000000000E+00
           HessRho_EigVals = -1.8247055128E+05 -1.8246818177E+05 -1.8246795693E+05
           HessRho_EigVec1 =  0.0000000000E+00  0.0000000000E+00  1.0000000000E+00
           HessRho_EigVec2 =  8.6620966439E-01  4.9968071538E-01  0.0000000000E+00
           HessRho_EigVec3 = -4.9968071538E-01  8.6620966439E-01  0.0000000000E+00
           DelSqRho = -5.4740668998E+05
           Bond Ellipticity = NA
           V = -1.3686789185E+05
           G =  8.1096746775E+00
           K =  1.3685978217E+05
           L =  1.3685167250E+05
           Vnuc =  5.8329071681E+06
           Ven = -6.9930652943E+08
           Vrep =  6.9916966154E+08
           DelSqV =  4.6394240919E+09
           DelSqVen =  3.1929723781E+12
           DelSqVrep = -3.1883329540E+12
           DelSqG =  2.0831567160E+08
           DelSqK = -4.8477397635E+09
           Stress_EigVals = -4.5623004532E+04 -4.5622891701E+04 -4.5621995612E+04
           Stress_EigVec1 = -4.9965951854E-01  8.6622189163E-01  0.0000000000E+00
           Stress_EigVec2 =  8.6622189163E-01  4.9965951854E-01  0.0000000000E+00
           Stress_EigVec3 =  0.0000000000E+00  0.0000000000E+00  1.0000000000E+00
           -DivStress =  1.3465196027E+03  7.7869980825E+02  0.0000000000E+00
           ESP =  -1.4770443497E+01     ESP at Nucleus =  -1.4770443497E+01
           ESPe = -2.4543697900E+01     ESPe at Nucleus = -2.4543699353E+01
           ESPn =  9.7732544033E+00     ESPn at Nucleus =  9.7732558562E+00

CP# 12     Coords = -4.01946554006474E+00 -2.32073397799276E+00  0.00000000000000E+00
           Type = (3,-3) NACP H12
           Rho =  4.4967102114E-01     Rho at Nucleus =  4.4554572937E-01
           GradRho =  1.9976641868E-14  1.1965255176E-14  0.0000000000E+00
           HessRho_EigVals = -9.2013030238E+00 -9.1927151373E+00 -8.4204936885E+00
           HessRho_EigVec1 = -5.0005865760E-01  8.6599153515E-01  0.0000000000E+00
           HessRho_EigVec2 =  0.0000000000E+00  0.0000000000E+00  1.0000000000E+00
           HessRho_EigVec3 =  8.6599153515E-01  5.0005865760E-01  0.0000000000E+00
           DelSqRho = -2.6814511850E+01
           Bond Ellipticity = NA
           V = -6.7198816228E+00
           G =  8.1268301859E-03
           K =  6.7117547926E+00
           L =  6.7036279624E+00
           Vnuc =  4.1965890122E+01
           Ven = -1.8870844664E+01
           Vrep =  1.2150963042E+01
           DelSqV =  1.7281408292E+03
           DelSqVen =  1.1252948580E+03
           DelSqVrep =  6.0284597127E+02
           DelSqG =  1.3378104464E+02
           DelSqK = -1.8619218739E+03
           Stress_EigVals = -2.3060341947E+00 -2.3059628626E+00 -2.1078845654E+00
           Stress_EigVec1 = -5.0006048811E-01  8.6599047814E-01  0.0000000000E+00
           Stress_EigVec2 =  0.0000000000E+00  0.0000000000E+00  1.0000000000E+00
           Stress_EigVec3 =  8.6599047814E-01  5.0006048811E-01  0.0000000000E+00
           -DivStress = -1.4892486957E+01 -8.5995928623E+00  0.0000000000E+00
           ESP =  -1.1092603339E+00     ESP at Nucleus =  -1.1105040488E+00
           ESPe = -1.0559464098E+01     ESPe at Nucleus = -1.0482687068E+01
           ESPn =  9.4502037639E+00     ESPn at Nucleus =  9.3721830195E+00

CP# 13     Coords = -2.04884335168700E-08  6.64227849413225E-08  0.00000000000000E+00
           Type = (3,+1) RCP H12 H12 H12 H12 H12 H12
           Rho =  2.3512857548E-02
           GradRho = -2.1759563385E-17  9.4911596839E-18  0.0000000000E+00
           HessRho_EigVals = -1.7959881476E-02  8.8041141127E-02  8.8046253885E-02
           HessRho_EigVec1 =  0.0000000000E+00  0.0000000000E+00  1.0000000000E+00
           HessRho_EigVec2 =  9.2758275589E-01  3.7361776052E-01  0.0000000000E+00
           HessRho_EigVec3 = -3.7361776052E-01  9.2758275589E-01  0.0000000000E+00
           DelSqRho =  1.5812751353E-01
           Bond Ellipticity = NA
           V = -2.8073264358E-02
           G =  3.3802571371E-02
           K = -5.7293070127E-03
           L = -3.9531878384E-02
           Vnuc =  1.4978843681E+01
           Ven = -3.5219541770E-01
           Vrep =  3.2412215334E-01
           DelSqV = -1.8134086466E-01
           DelSqVen = -2.3685673069E+00
           DelSqVrep =  2.1872264422E+00
           DelSqG =  1.3961102006E-01
           DelSqK =  4.1729844607E-02
           Stress_EigVals = -1.1079011491E-02 -8.4971607402E-03 -8.4970921276E-03
           Stress_EigVec1 =  0.0000000000E+00  0.0000000000E+00  1.0000000000E+00
           Stress_EigVec2 =  9.9726380897E-01  7.3924930296E-02  0.0000000000E+00
           Stress_EigVec3 = -7.3924930296E-02  9.9726380897E-01  0.0000000000E+00
           -DivStress = -4.1945439587E-08 -2.2567827612E-08  0.0000000000E+00
           ESP =   1.4492545672E-01
           ESPe = -1.4833918224E+01
           ESPn =  1.4978843681E+01
             94 sample points along path from RCP to BCP between atoms C2 and C3            
            -1.1395251291E+00   1.9737215146E+00   0.0000000000E+00   3.1454880340E-01
            -1.1382751369E+00   1.9715564466E+00   3.0616169979E-19   3.1454663292E-01
            -1.1257752154E+00   1.9499057662E+00   2.4977398905E-18   3.1428631291E-01
            -1.1132752939E+00   1.9282550857E+00   4.3521845288E-18   3.1359350650E-01
            -1.1007753725E+00   1.9066044052E+00   6.0760209096E-18   3.1247201093E-01
            -1.0882754512E+00   1.8849537247E+00   7.7183092550E-18   3.1092797824E-01
            -1.0757755299E+00   1.8633030442E+00   9.2978926609E-18   3.0896984586E-01
            -1.0632756087E+00   1.8416523636E+00   1.0832298633E-17   3.0660824218E-01
            -1.0507756876E+00   1.8200016830E+00   1.2329742391E-17   3.0385586857E-01
            -1.0382757665E+00   1.7983510023E+00   1.3795795561E-17   3.0072736037E-01
            -1.0257758454E+00   1.7767003217E+00   1.5234795506E-17   2.9723912902E-01
            -1.0132759244E+00   1.7550496409E+00   1.6650050022E-17   2.9340918836E-01
            -1.0007760035E+00   1.7333989602E+00   1.8044168189E-17   2.8925696785E-01
            -9.8827608267E-01   1.7117482794E+00   1.9419264019E-17   2.8480311603E-01
            -9.7577616187E-01   1.6900975986E+00   2.0777083326E-17   2.8006929722E-01
            -9.6327624112E-01   1.6684469177E+00   2.2119092178E-17   2.7507798471E-01
            -9.5077632042E-01   1.6467962369E+00   2.3446539661E-17   2.6985225336E-01
            -9.3827639975E-01   1.6251455560E+00   2.4760503492E-17   2.6441557479E-01
            -9.2577647912E-01   1.6034948750E+00   2.6061923987E-17   2.5879161757E-01
            -9.1327655851E-01   1.5818441941E+00   2.7351629892E-17   2.5300405509E-01
            -9.0077663790E-01   1.5601935132E+00   2.8630358363E-17   2.4707638332E-01
            -8.8827671729E-01   1.5385428322E+00   2.9898770702E-17   2.4103175019E-01
            -8.7577679665E-01   1.5168921513E+00   3.1157464917E-17   2.3489279844E-01
            -8.6327687598E-01   1.4952414704E+00   3.2406985901E-17   2.2868152292E-01
            -8.5077695523E-01   1.4735907896E+00   3.3647833775E-17   2.2241914350E-01
            -8.3827703441E-01   1.4519401088E+00   3.4880470832E-17   2.1612599410E-01
            -8.2577711347E-01   1.4302894280E+00   3.6105327361E-17   2.0982142811E-01
            -8.1327719240E-01   1.4086387474E+00   3.7322806617E-17   2.0352374037E-01
            -8.0077727115E-01   1.3869880668E+00   3.8533289088E-17   1.9725010537E-01
            -7.8827734972E-01   1.3653373864E+00   3.9737136214E-17   1.9101653113E-01
            -7.7577742805E-01   1.3436867060E+00   4.0934693668E-17   1.8483782832E-01
            -7.6327750613E-01   1.3220360259E+00   4.2126294281E-17   1.7872759353E-01
            -7.5077758391E-01   1.3003853459E+00   4.3312260680E-17   1.7269820581E-01
            -7.3827766136E-01   1.2787346661E+00   4.4492907701E-17   1.6676083535E-01
            -7.2577773844E-01   1.2570839865E+00   4.5668544627E-17   1.6092546314E-01
            -7.1327781512E-01   1.2354333071E+00   4.6839477282E-17   1.5520091031E-01
            -7.0077789135E-01   1.2137826280E+00   4.8006010023E-17   1.4959487591E-01
            -6.8827796711E-01   1.1921319492E+00   4.9168447657E-17   1.4411398191E-01
            -6.7577804236E-01   1.1704812706E+00   5.0327097308E-17   1.3876382407E-01
            -6.6327811705E-01   1.1488305924E+00   5.1482270268E-17   1.3354902754E-01
            -6.5077819115E-01   1.1271799145E+00   5.2634283844E-17   1.2847330605E-01
            -6.3827826462E-01   1.1055292370E+00   5.3783463231E-17   1.2353952357E-01
            -6.2577833743E-01   1.0838785599E+00   5.4930143437E-17   1.1874975748E-01
            -6.1327840954E-01   1.0622278831E+00   5.6074671281E-17   1.1410536230E-01
            -6.0077848092E-01   1.0405772068E+00   5.7217407490E-17   1.0960703321E-01
            -5.8827855152E-01   1.0189265310E+00   5.8358728928E-17   1.0525486866E-01
            -5.7577862133E-01   9.9727585559E-01   5.9499030989E-17   1.0104843137E-01
            -5.6327869029E-01   9.7562518068E-01   6.0638730188E-17   9.6986807310E-02
            -5.5077875837E-01   9.5397450628E-01   6.1778266995E-17   9.3068662128E-02
            -5.3827882555E-01   9.3232383240E-01   6.2918108952E-17   8.9292294810E-02
            -5.2577889179E-01   9.1067315906E-01   6.4058754143E-17   8.5655688194E-02
            -5.1327895704E-01   8.8902248629E-01   6.5200735069E-17   8.2156556241E-02
            -5.0077902128E-01   8.6737181411E-01   6.6344623004E-17   7.8792387930E-02
            -4.8827908445E-01   8.4572114254E-01   6.7491032924E-17   7.5560487732E-02
            -4.7577914653E-01   8.2407047161E-01   6.8640629116E-17   7.2458012662E-02
            -4.6327920745E-01   8.0241980134E-01   6.9794131577E-17   6.9482005985E-02
            -4.5077926718E-01   7.8076913176E-01   7.0952323364E-17   6.6629427648E-02
            -4.3827932565E-01   7.5911846291E-01   7.2116059057E-17   6.3897181580E-02
            -4.2577938281E-01   7.3746779482E-01   7.3286274552E-17   6.1282140000E-02
            -4.1327943857E-01   7.1581712753E-01   7.4463998439E-17   5.8781164918E-02
            -4.0077949286E-01   6.9416646109E-01   7.5650365267E-17   5.6391127005E-02
            -3.8827954560E-01   6.7251579554E-01   7.6846631074E-17   5.4108922035E-02
            -3.7577959667E-01   6.5086513096E-01   7.8054191656E-17   5.1931485091E-02
            -3.6327964596E-01   6.2921446741E-01   7.9274604142E-17   4.9855802750E-02
            -3.5077969334E-01   6.0756380496E-01   8.0509612601E-17   4.7878923427E-02
            -3.3827973866E-01   5.8591314370E-01   8.1761178595E-17   4.5997966094E-02
            -3.2577978175E-01   5.6426248373E-01   8.3031517825E-17   4.4210127537E-02
            -3.1327982241E-01   5.4261182516E-01   8.4323144360E-17   4.2512688347E-02
            -3.0077986043E-01   5.2096116812E-01   8.5638924364E-17   4.0903017801E-02
            -2.8827989555E-01   4.9931051275E-01   8.6982141834E-17   3.9378577787E-02
            -2.7577992749E-01   4.7765985921E-01   8.8356579646E-17   3.7936925919E-02
            -2.6327995595E-01   4.5600920768E-01   8.9766620366E-17   3.6575717968E-02
            -2.5077998055E-01   4.3435855838E-01   9.1217372776E-17   3.5292709724E-02
            -2.3828000090E-01   4.1270791154E-01   9.2714832374E-17   3.4085758395E-02
            -2.2578001653E-01   3.9105726742E-01   9.4266087245E-17   3.2952823628E-02
            -2.1328002693E-01   3.6940662632E-01   9.5879585492E-17   3.1891968235E-02
            -2.0078003150E-01   3.4775598859E-01   9.7565487493E-17   3.0901358695E-02
            -1.8828002957E-01   3.2610535461E-01   9.9336137163E-17   2.9979265473E-02
            -1.7578002037E-01   3.0445472483E-01   1.0120670347E-16   2.9124063222E-02
            -1.6328000301E-01   2.8280409976E-01   1.0319607106E-16   2.8334230897E-02
            -1.5077997648E-01   2.6115347998E-01   1.0532810471E-16   2.7608351804E-02
            -1.3827993957E-01   2.3950286619E-01   1.0763349103E-16   2.6945113624E-02
            -1.2577989089E-01   2.1785225921E-01   1.1015250214E-16   2.6343308416E-02
            -1.1327982874E-01   1.9620165999E-01   1.1293929015E-16   2.5801832611E-02
            -1.0077975110E-01   1.7455106973E-01   1.1606884478E-16   2.5319687020E-02
            -8.8279655409E-02   1.5290048988E-01   1.1964885099E-16   2.4895976833E-02
            -7.5779538449E-02   1.3124992231E-01   1.2384121242E-16   2.4529911644E-02
            -6.3279395936E-02   1.0959936950E-01   1.2890440738E-16   2.4220805469E-02
            -5.0779221916E-02   8.7948834872E-02   1.3528634740E-16   2.3968076780E-02
            -3.8279007476E-02   6.6298323586E-02   1.4386170925E-16   2.3771248536E-02
            -2.5778737597E-02   4.4647844308E-02   1.5670384707E-16   2.3629948218E-02
            -1.3278379985E-02   2.2997415685E-02   1.8108773469E-16   2.3543907857E-02
            -7.7744036925E-04   1.3473231189E-03   4.9381255748E-16   2.3512964061E-02
            -2.0488433517E-08   6.6422784941E-08   0.0000000000E+00   2.3512857548E-02
             94 sample points along path from RCP to BCP between atoms C3 and C5            
             1.1395527224E+00   1.9737189728E+00   0.0000000000E+00   3.1454585540E-01
             1.1383027415E+00   1.9715538982E+00   3.0616169979E-19   3.1454368496E-01
             1.1258029322E+00   1.9499031530E+00   2.4977154238E-18   3.1428336813E-01
             1.1133031221E+00   1.9282524083E+00   4.3521292386E-18   3.1359057019E-01
             1.1008033113E+00   1.9066016640E+00   6.0759330697E-18   3.1246908831E-01
             1.0883034996E+00   1.8849509202E+00   7.7181880104E-18   3.1092507441E-01
             1.0758036869E+00   1.8633001770E+00   9.2977374730E-18   3.0896696582E-01
             1.0633038731E+00   1.8416494344E+00   1.0832109212E-17   3.0660539075E-01
             1.0508040582E+00   1.8199986924E+00   1.2329518548E-17   3.0385305043E-01
             1.0383042420E+00   1.7983479512E+00   1.3795537174E-17   3.0072457997E-01
             1.0258044245E+00   1.7766972107E+00   1.5234502502E-17   2.9723639061E-01
             1.0133046055E+00   1.7550464711E+00   1.6649722364E-17   2.9340649594E-01
             1.0008047850E+00   1.7333957324E+00   1.8043805866E-17   2.8925432517E-01
             9.8830496271E-01   1.7117449947E+00   1.9418867040E-17   2.8480052658E-01
             9.7580513862E-01   1.6900942580E+00   2.0776651716E-17   2.8006676422E-01
             9.6330531255E-01   1.6684435225E+00   2.2118625975E-17   2.7507551108E-01
             9.5080548437E-01   1.6467927882E+00   2.3446038913E-17   2.6984984175E-01
             9.3830565393E-01   1.6251420552E+00   2.4759968256E-17   2.6441322755E-01
             9.2580582107E-01   1.6034913237E+00   2.6061354329E-17   2.5878933677E-01
             9.1330598563E-01   1.5818405936E+00   2.7351025882E-17   2.5300184251E-01
             9.0080614745E-01   1.5601898650E+00   2.8629720081E-17   2.4707424045E-01
             8.8830630635E-01   1.5385391382E+00   2.9898098231E-17   2.4102967827E-01
             8.7580646216E-01   1.5168884131E+00   3.1156758347E-17   2.3489079841E-01
             8.6330661470E-01   1.4952376900E+00   3.2406245327E-17   2.2867959547E-01
             8.5080676378E-01   1.4735869688E+00   3.3647059297E-17   2.2241728909E-01
             8.3830690919E-01   1.4519362498E+00   3.4879662555E-17   2.1612421293E-01
             8.2580705074E-01   1.4302855329E+00   3.6104485398E-17   2.0981972018E-01
             8.1330718823E-01   1.4086348185E+00   3.7321931084E-17   2.0352210545E-01
             8.0080732142E-01   1.3869841065E+00   3.8532380108E-17   1.9724854303E-01
             7.8830745011E-01   1.3653333971E+00   3.9736193916E-17   1.9101504078E-01
             7.7580757405E-01   1.3436826904E+00   4.0933718190E-17   1.8483640918E-01
             7.6330769301E-01   1.3220319867E+00   4.2125285765E-17   1.7872624468E-01
             7.5080780674E-01   1.3003812859E+00   4.3311219276E-17   1.7269692618E-01
             7.3830791498E-01   1.2787305883E+00   4.4491833568E-17   1.6675962375E-01
             7.2580801746E-01   1.2570798941E+00   4.5667437932E-17   1.6092431827E-01
             7.1330811392E-01   1.2354292033E+00   4.6838338201E-17   1.5519983076E-01
             7.0080820406E-01   1.2137785161E+00   4.8004838742E-17   1.4959386021E-01
             6.8830828759E-01   1.1921278328E+00   4.9167244370E-17   1.4411302850E-01
             6.7580836421E-01   1.1704771535E+00   5.0325862222E-17   1.3876293133E-01
             6.6330843359E-01   1.1488264783E+00   5.1481003599E-17   1.3354819379E-01
             6.5080849543E-01   1.1271758075E+00   5.2632985819E-17   1.2847252959E-01
             6.3830854937E-01   1.1055251413E+00   5.3782134090E-17   1.2353880266E-01
             6.2580859508E-01   1.0838744798E+00   5.4928783433E-17   1.1874909035E-01
             6.1330863219E-01   1.0622238233E+00   5.6073280678E-17   1.1410474717E-01
             6.0080866035E-01   1.0405731719E+00   5.7215986566E-17   1.0960646831E-01
             5.8830867919E-01   1.0189225260E+00   5.8357277975E-17   1.0525435219E-01
             5.7580868830E-01   9.9727188562E-01   5.9497550312E-17   1.0104796156E-01
             5.6330868731E-01   9.7562125109E-01   6.0637220107E-17   9.6986382376E-02
             5.5080867580E-01   9.5397062264E-01   6.1776727842E-17   9.3068280317E-02
             5.3830865337E-01   9.3232000050E-01   6.2916541074E-17   8.9291954379E-02
             5.2580861960E-01   9.1066938491E-01   6.4057157902E-17   8.5655387420E-02
             5.1330857404E-01   8.8901877611E-01   6.5199110840E-17   8.2156293422E-02
             5.0080851626E-01   8.6736817438E-01   6.6342971173E-17   7.8792161388E-02
             4.8830844581E-01   8.4571757996E-01   6.7489353894E-17   7.5560295810E-02
             4.7580836222E-01   8.2406699312E-01   6.8638923298E-17   7.2457853729E-02
             4.6330826503E-01   8.0241641414E-01   6.9792399394E-17   6.9481878435E-02
             4.5080815374E-01   7.8076584330E-01   7.0950565248E-17   6.6629329898E-02
